3 6 21 22 40 41 42 43 44 59 79 87 88 -1 -2 
21 22 53 54 55 56 -1 -2 
6 21 22 40 41 42 43 44 59 62 63 64 65 66 67 68 69 70 71 72 73 74 75 76 77 78 79 -1 -2 
1 2 3 4 5 6 7 12 13 14 15 -1 -2 
3 6 21 22 41 42 53 54 55 56 79 87 88 97 98 -1 -2 
21 22 53 54 55 56 -1 -2 
6 21 118 119 -1 -2 
6 80 -1 -2 
3 6 21 43 44 87 88 113 114 115 116 117 -1 -2 
6 21 118 119 -1 -2 
1 2 3 4 5 6 7 12 13 14 15 -1 -2 
1 2 3 4 5 6 7 12 13 14 15 -1 -2 
6 21 22 40 41 42 43 44 59 62 63 70 71 72 73 74 75 76 77 78 79 324 363 364 365 -1 -2 
6 80 -1 -2 
1 2 3 5 6 13 14 22 59 79 89 90 91 92 93 94 95 96 -1 -2 
21 362 -1 -2 
21 22 41 42 43 44 59 63 79 -1 -2 
6 21 22 40 41 42 43 44 59 61 62 63 64 65 66 67 68 79 88 99 100 101 117 -1 -2 
6 21 22 40 41 42 43 44 59 62 63 64 65 66 67 68 69 70 71 72 73 74 75 76 77 78 79 -1 -2 
6 21 22 40 41 42 43 44 59 79 -1 -2 
6 21 118 119 -1 -2 
6 21 -1 -2 
6 21 22 40 41 42 43 44 58 59 62 63 64 65 66 67 68 69 70 71 72 73 74 75 76 77 78 79 -1 -2 
3 6 21 43 44 87 88 113 114 115 116 117 -1 -2 
6 21 22 43 44 -1 -2 
6 21 22 40 41 42 43 44 58 59 61 62 63 64 65 66 67 68 79 99 100 101 -1 -2 
6 21 22 40 41 42 43 44 58 59 62 63 64 65 66 67 68 69 70 71 72 73 74 75 76 77 78 79 346 -1 -2 
1 2 3 4 5 6 7 12 13 14 15 -1 -2 
6 21 43 44 50 51 52 216 -1 -2 
6 21 51 52 125 126 127 128 129 130 131 132 133 215 216 -1 -2 
3 6 21 22 25 26 27 28 29 30 31 32 33 34 35 36 37 38 39 40 41 42 43 44 45 46 47 48 49 86 87 88 -1 -2 
1 2 3 4 5 6 7 12 13 14 15 -1 -2 
1 2 3 4 5 6 7 12 13 14 15 -1 -2 
6 21 22 43 44 53 54 55 56 -1 -2 
21 22 53 54 55 56 -1 -2 
6 21 22 25 26 27 28 29 30 31 32 33 34 35 36 37 38 39 40 41 42 43 44 45 46 47 48 49 -1 -2 
6 21 22 23 24 25 -1 -2 
6 21 22 25 26 27 28 29 30 31 32 33 34 35 36 37 38 39 40 41 42 43 44 45 46 47 48 49 -1 -2 
6 21 22 43 44 59 -1 -2 
21 22 23 24 25 -1 -2 
6 21 22 23 24 25 -1 -2 
6 21 22 40 41 42 43 44 59 60 61 62 63 79 -1 -2 
21 22 53 54 55 56 79 -1 -2 
6 21 22 40 41 42 43 44 59 79 -1 -2 
3 6 21 22 43 44 53 54 55 56 87 88 -1 -2 
6 80 -1 -2 
6 21 22 23 24 25 -1 -2 
6 21 22 43 44 59 -1 -2 
6 21 22 41 42 43 44 59 63 79 -1 -2 
6 21 22 40 41 42 43 44 59 79 -1 -2 
21 307 308 309 310 311 -1 -2 
3 6 21 22 41 42 43 44 57 59 87 88 119 -1 -2 
6 21 22 51 52 70 79 116 119 127 132 138 142 143 148 149 151 152 153 156 157 158 159 160 161 162 163 164 165 166 167 168 169 170 171 172 173 174 175 176 177 178 179 180 216 331 332 333 334 335 -1 -2 
6 21 22 51 52 79 127 132 134 135 136 137 138 139 140 141 142 143 144 145 146 147 148 149 150 151 216 -1 -2 
6 21 51 52 126 127 128 129 130 131 132 133 216 329 330 -1 -2 
6 21 22 40 41 42 43 44 51 52 58 59 61 62 63 79 85 116 119 127 131 132 134 135 136 138 139 140 141 142 143 144 145 146 147 148 149 150 151 152 153 155 156 157 158 159 160 161 162 163 164 165 166 167 168 169 170 171 172 173 174 175 176 177 178 179 181 182 184 185 188 189 193 194 195 196 197 198 199 200 201 202 203 204 205 206 207 208 209 210 211 212 213 214 216 217 218 219 220 221 222 223 224 225 226 227 228 229 230 231 232 233 234 235 236 237 238 239 240 241 242 243 244 245 246 247 248 249 250 251 252 253 254 255 256 257 263 264 265 266 267 354 -1 -2 
6 21 51 52 126 127 128 129 130 131 132 133 216 329 330 -1 -2 
6 21 22 51 52 59 62 70 79 116 119 127 132 138 142 143 148 149 151 152 153 156 157 158 159 160 161 162 163 164 165 166 167 168 169 170 171 172 173 174 175 176 177 178 179 180 216 331 332 333 334 335 336 -1 -2 
6 21 22 40 41 42 43 44 51 52 58 59 61 62 63 79 85 116 119 127 131 132 134 135 136 138 139 140 141 142 143 144 145 146 147 148 149 150 151 152 153 155 156 157 158 159 160 161 162 163 164 165 166 167 168 169 170 171 172 173 174 175 176 177 178 179 181 182 184 185 188 189 193 194 195 196 197 198 199 200 201 202 203 204 205 206 207 208 209 210 211 212 213 214 216 217 218 219 220 221 222 223 224 225 226 227 228 229 230 231 232 233 234 235 236 237 238 239 240 241 242 243 244 245 246 247 248 249 250 251 252 253 254 255 256 257 263 264 265 266 267 354 -1 -2 
6 21 51 52 126 127 128 129 130 131 132 133 215 216 329 330 -1 -2 
6 21 22 51 52 79 127 132 134 135 136 137 138 139 140 141 142 143 144 145 146 147 148 149 150 151 216 -1 -2 
6 21 51 52 126 127 128 129 130 131 132 133 216 329 330 -1 -2 
1 2 3 4 5 6 7 12 13 14 15 -1 -2 
6 21 51 52 126 127 128 129 130 131 132 133 216 329 330 -1 -2 
6 21 22 51 52 79 127 132 134 135 136 137 138 139 140 141 142 143 144 145 146 147 148 149 150 151 216 -1 -2 
6 21 51 52 126 127 128 129 130 131 132 133 216 329 330 -1 -2 
6 21 22 40 41 42 43 44 51 52 58 59 61 62 63 79 85 116 119 127 131 132 134 135 136 138 139 140 141 142 143 144 145 146 147 148 149 150 151 152 153 155 156 157 158 159 160 161 162 163 164 165 166 167 168 169 170 171 172 173 174 175 176 177 178 179 181 182 184 185 188 189 193 194 195 196 197 198 199 200 201 202 203 204 205 206 207 208 209 210 211 212 213 214 216 217 218 219 220 221 222 223 224 225 226 227 228 229 230 231 232 233 234 235 236 237 238 239 240 241 242 243 244 245 246 247 248 249 250 251 252 253 254 255 256 257 263 264 265 266 267 354 -1 -2 
6 21 22 41 42 43 44 59 63 79 -1 -2 
6 21 51 52 126 127 128 129 130 131 132 133 216 329 330 -1 -2 
6 21 22 23 24 25 -1 -2 
3 5 6 21 22 40 41 42 43 44 58 59 62 63 64 65 66 67 68 69 70 71 72 73 74 75 76 77 78 79 87 88 93 112 114 115 116 117 -1 -2 
6 21 22 43 44 59 -1 -2 
6 21 42 102 103 104 105 106 107 108 109 110 111 -1 -2 
3 6 21 43 44 87 88 113 114 115 116 117 -1 -2 
6 21 22 40 41 42 43 44 59 62 63 64 65 66 67 68 69 70 71 72 73 74 75 76 77 78 79 -1 -2 
6 21 22 40 41 42 43 44 58 59 62 63 64 65 66 67 68 69 70 71 72 73 74 75 76 77 78 79 -1 -2 
3 6 21 22 40 41 42 43 44 58 59 61 62 63 64 65 66 67 68 79 88 99 100 101 112 320 -1 -2 
1 2 3 4 5 6 7 12 13 14 15 -1 -2 
3 6 21 43 44 87 88 113 114 115 116 117 -1 -2 
3 6 21 43 44 87 88 113 114 115 116 117 -1 -2 
6 21 22 40 41 42 43 44 58 59 62 63 64 65 66 67 68 69 70 71 72 73 74 75 76 77 78 79 -1 -2 
6 21 118 119 -1 -2 
6 21 22 40 41 42 43 44 59 62 63 64 65 66 67 68 69 70 71 72 73 74 75 76 77 78 79 -1 -2 
6 21 118 119 -1 -2 
6 21 118 119 -1 -2 
3 6 81 82 83 84 85 87 -1 -2 
6 21 22 51 52 58 59 62 63 70 71 72 73 79 100 107 116 119 127 131 132 138 140 141 142 143 145 148 149 152 153 156 157 158 159 160 161 162 163 164 165 166 167 168 169 170 171 172 173 174 175 176 177 178 182 185 186 187 188 189 193 195 196 201 205 207 208 209 210 211 212 213 214 216 225 226 228 229 230 232 233 258 261 262 263 264 265 266 267 284 287 289 290 314 318 319 331 332 333 334 335 336 337 338 339 340 341 342 343 344 345 347 348 -1 -2 
6 21 22 51 52 59 79 116 119 127 132 134 135 136 137 138 139 140 141 142 143 144 145 146 147 148 149 150 151 152 153 156 157 158 159 160 161 162 163 164 165 166 167 168 169 170 171 172 173 174 175 176 177 178 179 180 181 182 183 209 216 -1 -2 
6 21 22 40 41 42 43 44 58 59 62 63 64 65 66 67 68 69 70 71 72 73 74 75 76 77 78 79 -1 -2 
6 21 22 43 44 59 -1 -2 
6 21 22 40 41 42 43 44 58 59 62 63 64 65 66 67 68 69 70 71 72 73 74 75 76 77 78 79 -1 -2 
6 21 22 40 41 42 43 44 51 52 58 59 61 62 63 79 85 116 119 127 132 134 136 138 139 140 141 142 143 144 145 146 147 148 149 150 152 153 155 156 157 158 159 160 161 162 163 164 165 166 167 168 169 170 171 172 173 174 175 176 177 178 179 180 181 182 184 185 188 189 193 194 195 196 197 198 199 200 201 202 203 204 205 206 207 208 209 210 211 212 213 214 216 217 218 219 220 221 222 223 224 225 226 227 228 229 230 231 232 233 234 235 236 237 238 239 240 241 242 243 244 245 246 247 248 249 250 251 252 253 254 255 256 257 263 264 265 266 267 355 356 357 358 359 360 361 -1 -2 
6 21 22 41 42 51 52 58 59 62 63 70 71 72 73 79 107 116 119 127 131 132 138 140 141 142 143 144 145 148 149 152 153 155 156 157 158 159 160 161 162 163 164 165 166 167 168 169 170 171 172 173 174 175 176 177 178 179 182 185 186 187 188 189 193 195 196 199 201 204 205 206 207 208 209 210 211 212 213 214 216 218 225 226 227 228 229 230 231 232 233 234 235 236 237 238 239 240 241 242 243 244 245 246 247 248 249 250 251 252 253 254 255 256 257 258 259 260 261 262 263 264 265 266 267 289 290 331 332 333 334 335 338 339 340 341 342 343 344 345 353 -1 -2 
21 513 -1 -2 
6 21 22 40 41 42 43 44 59 61 62 63 64 65 66 67 68 79 99 100 101 -1 -2 
6 21 22 40 41 42 43 44 58 59 62 63 64 65 66 67 68 69 70 71 72 73 74 75 76 77 78 79 -1 -2 
21 41 42 161 180 355 356 357 358 359 460 461 462 463 464 465 466 467 481 482 489 490 514 515 516 517 518 519 520 521 522 523 524 -1 -2 
6 21 22 51 52 59 70 79 116 119 127 132 138 142 143 148 149 151 152 153 156 157 158 159 160 161 162 163 164 165 166 167 168 169 170 171 172 173 174 175 176 177 178 179 180 209 216 331 332 333 334 335 -1 -2 
6 21 22 40 41 42 43 44 59 63 79 179 308 310 311 321 322 -1 -2 
1 2 3 4 5 6 7 12 13 14 15 -1 -2 
1 2 3 5 6 13 14 22 59 79 89 90 91 92 93 94 95 96 -1 -2 
21 307 308 309 310 311 -1 -2 
6 21 22 40 41 42 43 44 59 61 62 63 64 65 66 67 68 79 88 99 100 101 117 -1 -2 
6 21 22 25 26 27 28 29 30 31 32 33 34 35 36 37 38 39 40 41 42 43 44 45 46 47 48 49 -1 -2 
6 21 22 43 44 59 -1 -2 
21 307 308 309 310 311 -1 -2 
6 21 22 43 44 59 -1 -2 
6 21 22 40 41 42 43 44 59 61 62 63 64 65 66 67 68 79 88 99 100 101 117 -1 -2 
6 21 22 40 41 42 43 44 59 61 62 63 64 65 66 67 68 79 88 99 100 101 117 -1 -2 
6 21 22 40 41 42 43 44 59 61 62 63 64 65 66 67 68 79 99 100 101 346 -1 -2 
1 2 3 4 5 6 7 12 13 14 15 -1 -2 
6 21 22 40 41 42 43 44 59 61 62 63 64 65 66 67 68 79 88 99 100 101 117 -1 -2 
6 21 22 40 41 42 43 44 59 61 62 63 79 88 117 -1 -2 
6 21 43 44 50 51 52 -1 -2 
6 21 22 40 41 42 43 44 -1 -2 
21 41 42 377 503 -1 -2 
6 21 22 40 41 42 43 44 53 54 55 56 -1 -2 
6 21 22 40 41 42 43 44 58 59 60 61 62 63 -1 -2 
21 41 42 504 -1 -2 
6 21 22 40 41 42 43 44 57 -1 -2 
6 21 22 23 24 25 -1 -2 
6 21 43 44 50 51 52 -1 -2 
6 21 22 25 26 27 28 29 30 31 32 33 34 35 36 37 38 39 40 41 42 43 44 45 46 47 48 49 -1 -2 
1 2 3 4 5 6 7 12 13 14 15 -1 -2 
21 41 42 510 -1 -2 
6 21 22 40 41 42 43 44 57 -1 -2 
6 21 51 52 125 126 127 128 129 130 131 132 133 216 -1 -2 
6 21 22 40 41 42 43 44 53 54 55 56 -1 -2 
1 2 3 4 5 6 7 12 13 14 15 -1 -2 
3 6 21 43 44 87 88 113 114 115 116 117 -1 -2 
6 21 51 52 125 126 127 128 129 130 131 132 133 215 216 -1 -2 
6 21 43 44 50 51 52 -1 -2 
6 21 22 40 41 42 43 44 59 62 63 64 65 66 67 68 69 70 71 72 73 74 75 76 77 78 79 -1 -2 
6 21 22 40 41 42 43 44 58 59 62 63 64 65 66 67 68 69 70 71 72 73 74 75 76 77 78 79 -1 -2 
6 21 51 52 125 126 127 128 129 130 131 132 133 216 -1 -2 
6 21 22 40 41 42 43 44 -1 -2 
6 21 51 52 125 126 127 128 129 130 131 132 133 216 -1 -2 
1 2 3 4 5 6 7 12 13 14 15 -1 -2 
6 21 22 25 26 27 28 29 30 31 32 33 34 35 36 37 38 39 40 41 42 43 44 45 46 47 48 49 -1 -2 
6 21 51 52 125 126 127 128 129 130 131 132 133 216 -1 -2 
1 2 3 5 6 13 14 22 59 79 89 90 91 92 93 94 95 96 -1 -2 
6 21 51 52 125 126 127 128 129 130 131 132 133 216 -1 -2 
6 21 22 40 41 42 43 44 53 54 55 56 88 -1 -2 
6 21 22 40 41 42 43 44 59 60 61 62 63 79 88 107 -1 -2 
6 21 22 40 41 42 43 44 59 61 62 63 64 65 66 67 68 79 88 99 100 101 117 -1 -2 
6 21 116 169 189 269 270 271 -1 -2 
1 2 3 4 5 6 7 12 13 14 15 -1 -2 
6 21 22 40 41 42 43 44 58 59 61 62 63 64 65 66 67 68 79 99 100 101 -1 -2 
6 21 22 40 41 42 43 44 59 61 62 63 79 88 117 -1 -2 
6 21 51 52 125 126 127 128 129 130 131 132 133 216 -1 -2 
1 2 3 4 5 6 7 12 13 14 15 -1 -2 
6 21 22 40 41 42 43 44 58 59 60 61 62 63 79 -1 -2 
6 21 22 40 41 42 43 44 58 59 61 62 63 64 65 66 67 68 79 99 100 101 -1 -2 
6 21 51 52 125 126 127 128 129 130 131 132 133 216 -1 -2 
6 21 22 40 41 42 43 44 53 54 55 56 -1 -2 
6 21 22 40 41 42 43 44 58 59 60 61 62 63 79 88 107 -1 -2 
6 21 22 40 41 42 43 44 58 59 61 62 63 64 65 66 67 68 79 88 99 100 101 117 -1 -2 
6 21 51 52 125 126 127 128 129 130 131 132 133 216 -1 -2 
6 21 22 40 41 42 43 44 59 62 63 64 65 66 67 68 69 70 71 72 73 74 75 76 77 78 79 -1 -2 
6 21 51 52 125 126 127 128 129 130 131 132 133 216 -1 -2 
6 21 51 52 125 126 127 128 129 130 131 132 133 216 -1 -2 
6 21 22 40 41 42 43 44 58 59 60 61 62 63 -1 -2 
6 21 51 52 125 126 127 128 129 130 131 132 133 215 216 -1 -2 
3 6 21 43 44 87 88 113 114 115 116 117 -1 -2 
6 21 51 52 125 126 127 128 129 130 131 132 133 216 -1 -2 
6 21 51 52 125 126 127 128 129 130 131 132 133 215 216 -1 -2 
6 21 22 40 41 42 43 44 58 59 62 63 64 65 66 67 68 69 70 71 72 73 74 75 76 77 78 79 -1 -2 
6 21 51 52 125 126 127 128 129 130 131 132 133 216 -1 -2 
6 21 22 43 44 59 -1 -2 
6 21 22 25 26 27 28 29 30 31 32 33 34 35 36 37 38 39 40 41 42 43 44 45 46 47 48 49 -1 -2 
6 21 22 43 44 51 52 58 59 62 63 71 72 73 79 85 107 116 119 127 132 134 136 138 139 140 141 142 143 144 145 146 147 148 149 150 152 153 154 155 156 157 158 159 160 161 162 163 164 165 166 167 168 169 170 171 172 173 174 175 176 177 178 179 181 182 184 185 186 187 188 189 191 192 193 194 197 198 200 201 202 203 204 205 206 207 208 209 210 211 212 213 214 216 219 220 221 222 223 224 228 229 230 232 233 261 262 263 264 265 266 267 312 313 314 -1 -2 
6 21 118 119 -1 -2 
6 21 42 102 103 104 105 106 107 108 109 110 111 -1 -2 
6 21 22 40 41 42 43 44 53 54 55 56 -1 -2 
6 21 51 52 125 126 127 128 129 130 131 132 133 215 216 -1 -2 
3 5 6 21 22 43 44 79 87 88 93 112 113 114 115 116 117 -1 -2 
6 21 22 43 44 51 52 58 59 62 63 71 72 73 79 85 100 107 116 119 127 131 132 134 135 136 138 139 140 141 142 143 144 145 146 147 148 149 150 151 152 153 154 155 156 157 158 159 160 161 162 163 164 165 166 167 168 169 170 171 172 173 174 175 176 177 178 179 181 182 184 185 186 187 188 189 190 191 192 193 195 196 201 202 203 205 207 209 210 211 212 213 214 216 219 220 221 222 223 224 225 226 258 261 262 274 275 276 277 278 279 280 281 282 283 284 287 288 289 290 312 313 314 318 319 337 347 348 -1 -2 
21 22 43 44 53 54 55 56 -1 -2 
6 21 51 52 125 126 127 128 129 130 131 132 133 216 -1 -2 
6 21 22 43 44 59 -1 -2 
6 21 51 52 125 126 127 128 129 130 131 132 133 216 -1 -2 
6 21 118 119 -1 -2 
1 2 3 4 5 6 7 12 13 14 15 -1 -2 
6 21 22 51 52 79 127 132 134 135 136 137 138 139 140 141 142 143 144 145 146 147 148 149 150 151 216 -1 -2 
6 21 22 40 41 42 43 44 59 62 63 64 65 66 67 68 69 70 71 72 73 74 75 76 77 78 79 -1 -2 
6 21 22 51 52 79 116 119 127 132 134 135 136 137 138 139 140 141 142 143 144 145 146 147 148 149 150 151 152 153 156 157 158 159 160 161 162 163 164 165 166 167 168 169 170 171 172 173 174 175 176 177 178 179 180 181 182 183 216 -1 -2 
3 6 21 22 40 41 42 43 44 53 54 55 56 59 87 88 98 -1 -2 
6 21 51 52 125 126 127 128 129 130 131 132 133 216 -1 -2 
6 21 118 119 -1 -2 
6 21 51 52 125 126 127 128 129 130 131 132 133 216 -1 -2 
6 21 43 44 50 51 52 -1 -2 
6 21 51 52 125 126 127 128 129 130 131 132 133 216 -1 -2 
6 21 42 102 103 104 105 106 107 108 109 110 111 -1 -2 
6 21 51 52 125 126 127 128 129 130 131 132 133 216 -1 -2 
6 21 22 40 41 42 43 44 53 54 55 56 59 -1 -2 
6 21 51 52 125 126 127 128 129 130 131 132 133 215 216 -1 -2 
6 21 22 40 41 42 43 44 58 59 62 63 64 65 66 67 68 69 70 71 72 73 74 75 76 77 78 79 -1 -2 
6 21 22 51 52 58 59 79 116 119 127 132 134 135 136 137 138 139 140 141 142 143 144 145 146 147 148 149 150 151 152 153 154 155 156 157 158 159 160 161 162 163 164 165 166 167 168 169 170 171 172 173 174 175 176 177 178 179 180 181 182 183 216 -1 -2 
6 21 51 52 125 126 127 128 129 130 131 132 133 216 -1 -2 
6 21 51 52 125 126 127 128 129 130 131 132 133 215 216 -1 -2 
6 21 22 40 41 42 43 44 59 62 63 70 71 72 73 74 75 76 77 78 79 -1 -2 
6 21 22 40 41 42 43 44 59 62 63 64 65 66 67 68 69 70 71 72 73 74 75 76 77 78 79 -1 -2 
6 21 51 52 125 126 127 128 129 130 131 132 133 216 -1 -2 
6 21 51 52 125 126 127 128 129 130 131 132 133 215 216 -1 -2 
6 21 22 40 41 42 43 44 58 59 61 62 63 64 65 66 67 68 79 99 100 101 -1 -2 
6 21 51 52 125 126 127 128 129 130 131 132 133 216 -1 -2 
6 21 51 52 125 126 127 128 129 130 131 132 133 215 216 -1 -2 
21 22 53 54 55 56 -1 -2 
6 21 51 52 126 127 128 129 130 131 132 133 215 216 329 330 -1 -2 
21 22 53 54 55 56 -1 -2 
6 21 22 23 24 25 -1 -2 
1 2 3 4 5 6 7 12 13 14 15 -1 -2 
6 21 51 52 125 126 127 128 129 130 131 132 133 216 -1 -2 
6 21 22 23 24 25 -1 -2 
1 2 3 4 5 6 7 12 13 14 15 -1 -2 
6 21 22 40 41 42 43 44 59 62 63 64 65 66 67 68 69 70 71 72 73 74 75 76 77 78 79 -1 -2 
21 22 53 54 55 56 79 -1 -2 
6 21 22 40 41 42 43 44 59 63 79 179 308 310 311 321 322 -1 -2 
6 21 51 52 125 126 127 128 129 130 131 132 133 216 -1 -2 
6 21 22 40 41 42 43 44 59 62 63 64 65 66 67 68 69 70 71 72 73 74 75 76 77 78 79 -1 -2 
6 21 22 43 44 59 -1 -2 
3 6 21 22 41 42 53 54 55 56 79 87 88 97 98 -1 -2 
21 307 308 309 310 311 -1 -2 
6 21 51 52 125 126 127 128 129 130 131 132 133 216 -1 -2 
6 21 22 40 41 42 43 44 59 61 62 63 64 65 66 67 68 79 99 100 101 -1 -2 
6 80 -1 -2 
1 2 3 4 5 6 7 12 13 14 15 -1 -2 
3 5 6 21 22 40 41 42 43 44 58 59 62 63 64 65 66 67 68 69 70 71 72 73 74 75 76 77 78 79 87 88 93 112 114 115 116 117 -1 -2 
6 21 51 52 125 126 127 128 129 130 131 132 133 216 -1 -2 
6 21 22 40 41 42 43 44 59 63 79 179 308 310 311 321 322 -1 -2 
6 21 -1 -2 
6 21 22 23 24 25 -1 -2 
6 21 42 102 103 104 105 106 107 108 109 110 111 -1 -2 
6 21 51 52 125 126 127 128 129 130 131 132 133 216 -1 -2 
21 307 308 309 310 311 -1 -2 
6 80 -1 -2 
6 21 22 40 41 42 43 44 59 79 -1 -2 
3 6 21 22 40 41 42 43 44 58 59 62 63 64 65 66 67 68 69 70 71 72 73 74 75 76 77 78 79 87 88 93 112 114 115 116 117 -1 -2 
6 21 42 102 103 104 105 106 107 108 109 110 111 -1 -2 
6 21 22 40 41 42 43 44 57 59 64 65 66 67 68 69 79 101 -1 -2 
6 21 42 102 103 104 105 106 107 108 109 110 111 -1 -2 
6 21 22 25 26 27 28 29 30 31 32 33 34 35 36 37 38 39 40 41 42 43 44 45 46 47 48 49 -1 -2 
6 21 22 40 41 42 43 44 59 71 72 73 74 76 77 79 323 324 325 326 -1 -2 
6 21 22 40 41 42 43 44 58 59 62 63 64 65 66 67 68 69 70 71 72 73 74 75 76 77 78 79 -1 -2 
6 21 22 40 41 42 43 44 58 59 62 63 64 65 66 67 68 69 70 71 72 73 74 75 76 77 78 79 -1 -2 
21 22 40 41 42 43 44 53 54 55 56 -1 -2 
21 22 53 54 55 56 -1 -2 
3 6 21 22 40 41 42 43 44 59 71 72 73 74 76 77 79 87 88 205 323 324 325 326 328 -1 -2 
1 2 3 4 5 6 7 12 13 14 15 -1 -2 
3 5 6 21 22 40 41 42 43 44 58 59 62 63 64 65 66 67 68 69 70 71 72 73 74 75 76 77 78 79 87 88 93 112 114 115 116 117 -1 -2 
6 21 22 40 41 42 43 44 59 79 -1 -2 
6 21 51 52 126 127 128 129 130 131 132 133 215 216 329 330 -1 -2 
6 21 116 169 189 269 270 271 -1 -2 
6 21 22 40 41 42 43 44 59 79 -1 -2 
6 21 51 52 125 126 127 128 129 130 131 132 133 216 -1 -2 
6 21 22 40 41 42 43 44 57 59 64 65 66 67 68 69 79 101 346 -1 -2 
6 21 22 40 41 42 43 44 53 54 55 56 -1 -2 
6 21 22 23 24 25 -1 -2 
6 21 22 25 26 27 28 29 30 31 32 33 34 35 36 37 38 39 40 41 42 43 44 45 46 47 48 49 -1 -2 
1 2 3 4 5 6 7 12 13 14 15 -1 -2 
6 21 22 51 52 58 59 62 63 70 71 72 73 79 100 107 116 119 127 131 132 138 140 141 142 143 145 148 149 152 153 155 156 157 158 159 160 161 162 163 164 165 166 167 168 169 170 171 172 173 174 175 176 177 178 182 185 186 187 188 189 193 195 201 205 206 207 208 209 210 211 212 213 214 216 228 229 230 232 233 261 262 263 264 265 266 267 284 287 289 290 314 318 319 331 332 333 334 335 336 337 338 339 340 341 342 343 344 345 -1 -2 
3 6 21 41 42 43 44 53 54 55 56 87 88 97 98 -1 -2 
1 2 3 4 5 6 7 12 13 14 15 -1 -2 
1 2 3 4 5 6 7 12 13 14 15 -1 -2 
6 21 51 52 126 127 128 129 130 131 132 133 215 216 329 330 -1 -2 
6 21 22 51 52 79 116 119 127 132 134 135 136 137 138 139 140 141 142 143 144 145 146 147 148 149 150 151 152 153 156 157 158 159 160 161 162 163 164 165 166 167 168 169 170 171 172 173 174 175 176 177 178 179 180 181 182 183 216 -1 -2 
3 6 21 22 25 26 27 28 29 30 31 32 33 34 35 36 37 38 39 40 41 42 43 44 45 46 47 48 49 86 87 88 -1 -2 
1 2 3 5 6 13 14 22 59 79 89 90 91 92 93 94 95 96 -1 -2 
6 21 22 51 52 70 79 116 119 127 132 138 142 143 148 149 151 152 153 156 157 158 159 160 161 162 163 164 165 166 167 168 169 170 171 172 173 174 175 176 177 178 179 180 216 331 332 333 334 335 -1 -2 
6 21 51 52 125 126 127 128 129 130 131 132 133 216 -1 -2 
3 6 21 22 40 41 42 43 44 59 63 79 87 88 160 179 308 310 311 321 322 -1 -2 
1 2 3 4 5 6 7 12 13 14 15 -1 -2 
1 2 3 4 5 6 7 12 13 14 15 -1 -2 
6 21 51 52 126 127 128 129 130 131 132 133 215 216 329 330 -1 -2 
6 21 51 52 125 126 127 128 129 130 131 132 133 216 -1 -2 
1 2 3 5 6 13 14 22 59 79 89 90 91 92 93 94 95 96 -1 -2 
1 2 3 4 5 6 7 12 13 14 15 -1 -2 
6 21 51 52 126 127 128 129 130 131 132 133 215 216 329 330 -1 -2 
6 21 22 51 52 58 59 79 116 119 127 132 134 135 136 137 138 139 140 141 142 143 144 145 146 147 148 149 150 151 152 153 154 155 156 157 158 159 160 161 162 163 164 165 166 167 168 169 170 171 172 173 174 175 176 177 178 179 180 181 182 183 216 -1 -2 
6 21 51 52 126 127 128 129 130 131 132 133 215 216 329 330 -1 -2 
6 21 51 52 125 126 127 128 129 130 131 132 133 216 -1 -2 
1 2 3 4 5 6 7 12 13 14 15 -1 -2 
21 22 53 54 55 56 -1 -2 
6 21 51 52 126 127 128 129 130 131 132 133 215 216 329 330 -1 -2 
6 21 51 52 125 126 127 128 129 130 131 132 133 216 -1 -2 
3 6 21 22 40 41 42 43 44 59 71 72 73 74 76 77 79 87 88 205 323 324 325 326 328 349 350 351 352 -1 -2 
6 21 22 40 41 42 43 44 53 54 55 56 -1 -2 
6 21 22 23 24 25 -1 -2 
6 21 51 52 126 127 128 129 130 131 132 133 215 216 329 330 -1 -2 
6 21 51 52 125 126 127 128 129 130 131 132 133 215 216 -1 -2 
21 307 308 309 310 311 -1 -2 
6 21 43 44 50 51 52 -1 -2 
21 22 53 54 55 56 79 -1 -2 
6 21 51 52 126 127 128 129 130 131 132 133 215 216 329 330 -1 -2 
6 21 51 52 125 126 127 128 129 130 131 132 133 216 -1 -2 
6 21 22 40 41 42 43 44 59 71 72 73 74 76 77 79 323 324 325 326 -1 -2 
6 21 42 102 103 104 106 107 108 109 110 111 268 -1 -2 
6 21 22 40 41 42 43 44 59 61 62 63 64 65 66 67 68 79 88 99 100 101 117 -1 -2 
3 6 21 22 34 36 38 43 44 51 52 58 59 62 63 71 72 73 79 85 87 99 100 107 112 116 119 127 131 132 134 135 136 138 139 140 141 142 143 144 145 146 147 148 149 150 151 152 153 154 155 156 157 158 159 160 161 162 163 164 165 166 167 168 169 170 171 172 173 174 175 176 177 178 179 181 182 184 185 186 187 188 189 190 191 192 193 195 196 201 202 203 205 207 209 210 211 212 213 214 216 219 220 221 222 223 224 225 226 258 261 262 272 273 274 275 276 277 278 279 280 281 282 283 284 285 286 287 288 289 290 292 293 295 296 297 298 299 300 301 302 303 304 305 306 312 313 314 318 319 337 347 348 -1 -2 
6 21 22 40 41 42 43 44 58 59 62 63 64 65 66 67 68 69 70 71 72 73 74 75 76 77 78 79 -1 -2 
6 102 103 104 106 108 109 110 111 294 -1 -2 
6 21 22 43 44 -1 -2 
6 21 22 41 42 43 44 59 63 79 -1 -2 
6 21 22 40 41 42 43 44 59 62 63 64 65 66 67 68 69 70 71 72 73 74 75 76 77 78 79 -1 -2 
1 2 3 4 5 6 7 12 13 14 15 -1 -2 
6 21 42 102 103 104 105 106 107 108 109 110 111 -1 -2 
21 307 308 309 310 311 -1 -2 
6 21 22 23 24 25 -1 -2 
6 21 22 23 24 25 -1 -2 
1 2 3 4 5 6 7 12 13 14 15 -1 -2 
21 41 42 377 497 -1 -2 
6 21 22 43 44 53 54 55 56 -1 -2 
6 21 22 40 41 42 43 44 59 63 79 308 310 311 321 322 -1 -2 
6 21 22 43 44 -1 -2 
21 307 308 309 310 311 -1 -2 
6 21 22 23 24 25 -1 -2 
1 2 3 4 5 6 7 12 13 14 15 -1 -2 
21 22 53 54 55 56 -1 -2 
6 21 22 51 52 58 59 62 63 70 71 72 73 79 100 107 116 119 127 131 132 138 140 141 142 143 145 148 149 152 153 156 157 158 159 160 161 162 163 164 165 166 167 168 169 170 171 172 173 174 175 176 177 178 182 185 186 187 188 189 193 195 196 201 205 207 208 209 210 211 212 213 214 216 225 226 228 229 230 232 233 258 261 262 263 264 265 266 267 284 287 289 290 314 318 319 331 332 333 334 335 336 337 338 339 340 341 342 343 344 345 347 348 -1 -2 
3 6 21 43 44 87 88 113 114 115 116 117 -1 -2 
21 22 53 54 55 56 -1 -2 
6 21 51 52 126 127 128 129 130 131 132 133 215 216 329 330 -1 -2 
21 119 494 495 -1 -2 
3 6 21 22 41 42 43 44 57 59 87 88 119 -1 -2 
1 2 3 4 5 6 7 12 13 14 15 -1 -2 
3 6 21 22 40 41 42 43 44 58 59 62 63 64 65 66 67 68 69 70 71 72 73 74 75 76 77 78 79 87 88 93 112 114 115 116 117 -1 -2 
6 21 22 40 41 42 43 44 59 62 63 70 71 72 73 74 75 76 77 78 79 -1 -2 
6 21 22 23 24 25 -1 -2 
6 21 42 102 103 104 105 106 107 108 109 110 111 -1 -2 
21 22 53 54 55 56 -1 -2 
6 21 51 52 126 127 128 129 130 131 132 133 215 216 329 330 -1 -2 
6 21 51 52 126 127 128 129 130 131 132 133 215 216 329 330 -1 -2 
6 21 22 40 41 42 43 44 58 59 62 63 64 65 66 67 68 69 70 71 72 73 74 75 76 77 78 79 -1 -2 
6 80 -1 -2 
21 22 53 54 55 56 -1 -2 
6 21 22 51 52 59 62 70 79 116 119 127 132 138 142 143 148 149 151 152 153 156 157 158 159 160 161 162 163 164 165 166 167 168 169 170 171 172 173 174 175 176 177 178 179 180 216 331 332 333 334 335 336 -1 -2 
21 22 53 54 55 56 -1 -2 
6 21 22 51 52 70 79 116 119 127 132 138 142 143 148 149 151 152 153 156 157 158 159 160 161 162 163 164 165 166 167 168 169 170 171 172 173 174 175 176 177 178 179 180 216 331 332 333 334 335 -1 -2 
3 6 21 22 40 41 42 43 44 58 59 62 63 64 65 66 67 68 69 70 71 72 73 74 75 76 77 78 79 87 88 93 112 114 115 116 117 -1 -2 
21 498 -1 -2 
6 21 22 41 42 43 44 59 63 79 -1 -2 
6 21 22 40 41 42 43 44 59 63 79 179 308 310 311 321 322 -1 -2 
21 307 308 309 310 311 -1 -2 
21 307 308 309 310 311 -1 -2 
3 6 21 43 44 87 88 122 123 124 -1 -2 
3 5 6 21 22 40 41 42 43 44 58 59 62 63 64 65 66 67 68 69 70 71 72 73 74 75 76 77 78 79 87 88 93 112 114 115 116 117 -1 -2 
6 21 -1 -2 
6 21 22 43 44 -1 -2 
6 21 22 40 41 42 43 44 59 79 -1 -2 
6 21 22 43 44 53 54 55 56 -1 -2 
6 21 22 40 41 42 43 44 59 79 -1 -2 
6 21 22 40 41 42 43 44 58 59 62 63 64 65 66 67 68 69 70 71 72 73 74 75 76 77 78 79 -1 -2 
21 41 42 377 501 -1 -2 
6 21 22 43 44 -1 -2 
3 6 21 22 40 41 42 43 44 59 79 87 88 -1 -2 
6 21 22 40 41 42 43 44 59 64 65 66 67 68 69 79 101 -1 -2 
3 5 6 21 22 40 41 42 43 44 58 59 62 63 64 65 66 67 68 69 70 71 72 73 74 75 76 77 78 79 87 88 93 112 114 115 116 117 -1 -2 
1 2 3 4 5 6 7 12 13 14 15 -1 -2 
3 6 21 22 40 41 42 43 44 59 79 87 159 179 195 327 -1 -2 
6 21 22 40 41 42 43 44 59 79 -1 -2 
6 21 42 102 103 104 105 106 107 108 109 110 111 -1 -2 
21 22 43 44 -1 -2 
6 21 22 40 41 42 43 44 59 64 65 66 67 68 69 79 101 346 -1 -2 
6 21 22 40 41 42 43 44 58 59 61 62 63 64 65 66 67 68 79 99 100 101 -1 -2 
1 2 3 4 5 6 7 12 13 14 15 -1 -2 
6 21 22 40 41 42 43 44 59 79 88 -1 -2 
6 21 22 40 41 42 43 44 58 59 61 62 63 64 65 66 67 68 79 99 100 101 -1 -2 
21 41 42 119 499 -1 -2 
6 21 22 40 41 42 43 44 58 59 62 63 64 65 66 67 68 69 70 71 72 73 74 75 76 77 78 79 -1 -2 
6 21 22 43 44 -1 -2 
6 21 22 40 41 42 43 44 59 79 -1 -2 
6 21 42 102 103 104 105 106 107 108 109 110 111 -1 -2 
6 21 22 23 24 25 -1 -2 
6 21 22 40 41 42 43 44 59 71 72 73 74 76 77 79 323 324 325 326 -1 -2 
1 2 3 4 5 6 7 12 13 14 15 -1 -2 
6 21 22 40 41 42 43 44 58 59 60 61 62 63 79 -1 -2 
6 21 22 40 41 42 43 44 58 59 61 62 63 64 65 66 67 68 79 99 100 101 -1 -2 
6 21 22 40 41 42 43 44 58 59 62 63 64 65 66 67 68 69 70 71 72 73 74 75 76 77 78 79 -1 -2 
6 21 22 40 41 42 43 44 59 62 63 64 65 66 67 68 69 70 71 72 73 74 75 76 77 78 79 -1 -2 
6 21 22 40 41 42 43 44 58 59 61 62 63 64 65 66 67 68 79 99 100 101 -1 -2 
6 21 22 23 24 25 -1 -2 
3 6 21 22 40 41 42 43 44 59 62 63 64 65 66 67 68 69 70 71 72 73 74 75 76 77 78 79 88 112 320 -1 -2 
6 80 -1 -2 
6 21 51 52 125 126 127 128 129 130 131 132 133 215 216 -1 -2 
1 2 3 4 5 6 7 12 13 14 15 -1 -2 
6 21 42 102 103 104 105 106 107 108 109 110 111 -1 -2 
6 21 -1 -2 
6 21 51 52 125 126 127 128 129 130 131 132 133 215 216 -1 -2 
1 2 3 5 6 13 14 22 59 79 89 90 91 92 93 94 95 96 -1 -2 
6 21 22 40 41 42 43 44 58 59 62 63 64 65 66 67 68 69 70 71 72 73 74 75 76 77 78 79 -1 -2 
6 21 51 52 125 126 127 128 129 130 131 132 133 215 216 -1 -2 
6 21 22 40 41 42 43 44 59 79 -1 -2 
21 22 53 54 55 56 -1 -2 
6 21 51 52 125 126 127 128 129 130 131 132 133 215 216 -1 -2 
21 22 53 54 55 56 -1 -2 
1 2 3 5 6 13 14 22 59 79 89 90 91 92 93 94 95 96 -1 -2 
6 21 22 43 44 59 -1 -2 
6 21 51 52 125 126 127 128 129 130 131 132 133 215 216 -1 -2 
6 21 22 43 44 -1 -2 
6 21 118 119 -1 -2 
6 21 22 25 26 27 28 29 30 31 32 33 34 35 36 37 38 39 40 41 42 43 44 45 46 47 48 49 -1 -2 
6 21 51 52 125 126 127 128 129 130 131 132 133 215 216 -1 -2 
6 21 22 40 41 42 43 44 59 62 63 64 65 66 67 68 69 70 71 72 73 74 75 76 77 78 79 -1 -2 
6 21 22 40 41 42 43 44 59 62 63 64 65 66 67 68 69 70 71 72 73 74 75 76 77 78 79 -1 -2 
6 21 51 52 125 126 127 128 129 130 131 132 133 215 216 -1 -2 
6 80 -1 -2 
1 2 3 4 5 6 7 12 13 14 15 -1 -2 
1 2 3 4 5 6 7 12 13 14 15 -1 -2 
6 21 51 52 125 126 127 128 129 130 131 132 133 215 216 -1 -2 
6 21 -1 -2 
6 21 22 43 44 -1 -2 
21 22 40 41 42 43 44 53 54 55 56 -1 -2 
6 21 51 52 125 126 127 128 129 130 131 132 133 215 216 -1 -2 
6 21 116 169 189 269 270 271 -1 -2 
21 22 23 24 25 -1 -2 
6 80 -1 -2 
6 21 22 40 41 42 43 44 59 60 61 62 63 79 -1 -2 
6 21 22 23 24 25 -1 -2 
6 21 51 52 126 127 128 129 130 131 132 133 215 216 329 330 -1 -2 
21 377 462 464 465 469 481 482 488 489 490 491 -1 -2 
6 21 22 40 41 42 43 44 58 59 61 62 63 64 65 66 67 68 79 99 100 101 -1 -2 
6 21 22 23 24 25 -1 -2 
6 21 51 52 126 127 128 129 130 131 132 133 215 216 329 330 -1 -2 
21 88 462 464 465 469 470 471 472 473 474 475 476 477 478 479 480 481 482 483 484 485 486 487 -1 -2 
6 21 -1 -2 
6 21 22 40 41 42 43 44 59 62 63 64 65 66 67 68 69 70 71 72 73 74 75 76 77 78 79 -1 -2 
21 22 53 54 55 56 -1 -2 
6 21 51 52 126 127 128 129 130 131 132 133 215 216 329 330 -1 -2 
6 21 22 40 41 42 43 44 58 59 61 62 63 64 65 66 67 68 79 99 100 101 -1 -2 
1 2 3 4 5 6 7 12 13 14 15 -1 -2 
6 21 22 43 44 51 52 58 59 62 63 71 72 73 79 85 100 107 116 119 127 131 132 134 135 136 138 139 140 141 142 143 144 145 146 147 148 149 150 151 152 153 154 155 156 157 158 159 160 161 162 163 164 165 166 167 168 169 170 171 172 173 174 175 176 177 178 179 181 182 184 185 186 187 188 189 190 191 192 193 195 196 201 202 203 205 207 209 210 211 212 213 214 216 219 220 221 222 223 224 225 226 258 261 262 274 275 276 277 278 279 280 281 282 283 284 287 288 289 290 312 313 314 318 319 337 347 348 -1 -2 
21 22 23 24 25 -1 -2 
6 21 22 40 41 42 43 44 59 63 79 308 310 311 321 322 -1 -2 
1 2 3 5 6 13 14 22 59 79 89 90 91 92 93 94 95 96 -1 -2 
6 21 51 52 125 126 127 128 129 130 131 132 133 215 216 -1 -2 
21 22 24 53 54 55 56 79 -1 -2 
1 2 3 4 5 6 7 12 13 14 15 -1 -2 
6 21 51 52 126 127 128 129 130 131 132 133 215 216 329 330 -1 -2 
2 3 6 21 26 31 39 41 42 47 48 49 57 71 72 73 86 87 109 110 153 179 195 308 366 367 368 369 370 371 372 373 374 375 376 377 378 379 380 381 382 383 384 385 386 387 388 389 390 391 392 393 394 395 396 397 398 399 400 401 402 403 404 405 406 407 408 409 410 411 412 413 414 415 416 417 418 419 420 421 422 423 424 425 426 427 428 429 430 431 432 433 434 435 436 437 438 439 440 441 442 443 444 445 446 447 448 449 450 451 452 453 454 455 456 457 458 459 460 461 462 463 464 465 466 467 468 469 -1 -2 
2 6 8 9 10 11 15 16 17 18 19 20 96 -1 -2 
1 2 3 4 5 6 7 12 13 14 15 -1 -2 
21 22 53 54 55 56 -1 -2 
6 21 22 40 41 42 43 44 58 59 61 62 63 64 65 66 67 68 79 99 100 101 -1 -2 
6 21 51 52 125 126 127 128 129 130 131 132 133 215 216 -1 -2 
3 6 21 22 24 41 42 53 54 55 56 79 87 88 97 98 -1 -2 
21 307 308 309 310 311 -1 -2 
6 21 22 51 52 58 59 79 116 119 127 132 134 135 136 137 138 139 140 141 142 143 144 145 146 147 148 149 150 151 152 153 154 155 156 157 158 159 160 161 162 163 164 165 166 167 168 169 170 171 172 173 174 175 176 177 178 179 180 181 182 183 216 -1 -2 
21 22 23 24 25 -1 -2 
21 22 53 54 55 56 -1 -2 
6 21 22 51 52 79 116 119 127 132 134 135 136 137 138 139 140 141 142 143 144 145 146 147 148 149 150 151 152 153 156 157 158 159 160 161 162 163 164 165 166 167 168 169 170 171 172 173 174 175 176 177 178 179 180 181 182 183 216 -1 -2 
21 22 24 53 54 55 56 79 -1 -2 
6 21 116 169 189 269 270 271 -1 -2 
6 21 22 40 41 42 43 44 57 59 64 65 66 67 68 69 79 101 -1 -2 
6 21 42 102 103 104 106 107 108 109 110 111 268 -1 -2 
6 21 22 51 52 58 59 79 116 119 127 132 134 135 136 137 138 139 140 141 142 143 144 145 146 147 148 149 150 151 152 153 154 155 156 157 158 159 160 161 162 163 164 165 166 167 168 169 170 171 172 173 174 175 176 177 178 179 180 181 182 183 209 216 -1 -2 
6 21 22 40 41 42 43 44 51 52 58 59 61 62 63 71 72 73 79 85 107 116 119 127 131 132 134 135 136 138 139 140 141 142 143 144 145 146 147 148 149 150 151 152 153 155 156 157 158 159 160 161 162 163 164 165 166 167 168 169 170 171 172 173 174 175 176 177 178 179 181 182 184 185 186 187 188 189 190 191 192 193 195 196 199 201 202 203 204 205 206 207 208 209 210 211 212 213 214 216 217 218 219 220 221 222 223 224 225 226 227 228 229 230 231 232 233 234 235 236 237 238 239 240 241 242 243 244 245 246 247 248 249 250 251 252 253 254 255 256 257 258 259 260 261 262 263 264 265 266 267 274 275 276 277 278 279 280 281 282 283 284 287 288 289 290 291 -1 -2 
6 21 22 51 52 58 59 79 116 119 127 132 134 135 136 137 138 139 140 141 142 143 144 145 146 147 148 149 150 151 152 153 154 155 156 157 158 159 160 161 162 163 164 165 166 167 168 169 170 171 172 173 174 175 176 177 178 179 180 181 182 183 209 216 -1 -2 
6 21 42 102 103 104 105 106 107 108 109 110 111 -1 -2 
6 21 22 40 41 42 43 44 58 59 61 62 63 64 65 66 67 68 79 99 100 101 -1 -2 
6 102 103 104 106 108 109 110 111 294 -1 -2 
6 21 116 169 189 269 270 271 -1 -2 
3 6 21 22 34 36 38 40 41 42 43 44 51 52 58 59 61 62 63 71 72 73 79 85 87 99 100 107 112 116 119 127 131 132 134 135 136 138 139 140 141 142 143 144 145 146 147 148 149 150 151 152 153 155 156 157 158 159 160 161 162 163 164 165 166 167 168 169 170 171 172 173 174 175 176 177 178 179 181 182 184 185 186 187 188 189 190 191 192 193 195 196 199 201 202 203 204 205 206 207 208 209 210 211 212 213 214 216 217 218 219 220 221 222 223 224 225 226 227 228 229 230 231 232 233 234 235 236 237 238 239 240 241 242 243 244 245 246 247 248 249 250 251 252 253 254 255 256 257 258 259 260 261 262 263 264 265 266 267 272 273 274 275 276 277 278 279 280 281 282 283 284 285 286 287 288 289 290 291 292 293 295 296 297 298 299 300 301 302 303 304 305 306 -1 -2 
6 21 22 40 41 42 43 44 58 59 62 63 64 65 66 67 68 69 70 71 72 73 74 75 76 77 78 79 -1 -2 
3 5 6 21 22 40 41 42 43 44 58 59 62 63 64 65 66 67 68 69 70 71 72 73 74 75 76 77 78 79 87 88 93 112 114 115 116 117 -1 -2 
6 21 22 40 41 42 43 44 59 61 62 63 64 65 66 67 68 79 99 100 101 -1 -2 
3 6 21 43 44 87 88 122 123 124 -1 -2 
3 6 21 22 40 41 42 43 44 58 59 60 61 62 63 79 87 88 107 112 119 120 121 -1 -2 
6 21 51 52 125 126 127 128 129 130 131 132 133 215 216 -1 -2 
6 21 22 40 41 42 43 44 59 60 61 62 63 79 88 107 -1 -2 
6 21 51 52 125 126 127 128 129 130 131 132 133 215 216 -1 -2 
6 21 22 40 41 42 43 44 58 59 60 61 62 63 79 88 107 -1 -2 
6 21 51 52 125 126 127 128 129 130 131 132 133 215 216 -1 -2 
6 21 42 102 103 104 105 106 107 108 109 110 111 -1 -2 
6 21 22 51 52 79 116 119 127 132 134 135 136 137 138 139 140 141 142 143 144 145 146 147 148 149 150 151 152 156 158 161 162 163 164 165 166 167 168 169 170 171 172 173 174 175 176 177 178 180 182 216 315 316 -1 -2 
6 21 22 40 41 42 43 44 58 59 60 61 62 63 79 88 107 -1 -2 
6 21 51 52 125 126 127 128 129 130 131 132 133 215 216 -1 -2 
6 21 22 51 52 79 127 132 134 135 136 137 138 139 140 141 142 143 144 145 146 147 148 149 150 151 -1 -2 
6 21 22 40 41 42 43 44 58 59 61 62 63 64 65 66 67 68 79 99 100 101 -1 -2 
6 21 51 52 125 126 127 128 129 130 131 132 133 -1 -2 
6 21 22 43 44 51 52 58 59 62 63 71 72 73 79 85 100 107 116 119 127 131 132 134 135 136 138 139 140 141 142 143 144 145 146 147 148 149 150 151 152 153 154 155 156 157 158 159 160 161 162 163 164 165 166 167 168 169 170 171 172 173 174 175 176 177 178 179 181 182 184 185 186 187 188 189 190 191 192 193 201 202 203 205 206 207 208 209 210 211 212 213 214 216 219 220 221 222 223 224 226 258 261 262 274 275 276 277 278 279 280 281 282 283 284 287 288 289 290 312 313 314 317 318 319 -1 -2 
3 5 6 21 22 40 41 42 43 44 58 59 62 63 64 65 66 67 68 69 70 71 72 73 74 75 76 77 78 79 87 88 93 112 114 115 116 117 -1 -2 
6 21 22 51 79 85 127 132 134 136 138 139 140 141 142 143 144 145 146 147 148 149 150 -1 -2 
6 21 42 102 103 104 105 106 107 108 109 110 111 -1 -2 
6 21 22 40 41 42 43 44 58 59 60 61 62 63 79 -1 -2 
6 21 51 52 125 126 127 128 129 130 131 132 133 215 216 -1 -2 
6 21 51 52 125 126 127 128 129 130 131 132 133 216 -1 -2 
6 21 51 52 125 126 127 128 129 130 131 132 133 215 216 -1 -2 
6 21 22 40 41 42 43 44 58 59 61 62 63 64 65 66 67 68 79 99 100 101 -1 -2 
6 21 22 40 41 42 43 44 58 59 62 63 64 65 66 67 68 69 70 71 72 73 74 75 76 77 78 79 -1 -2 
6 21 22 43 44 51 58 59 62 63 71 72 73 79 85 107 116 119 127 132 134 136 138 139 140 141 142 143 144 145 146 147 148 149 150 152 153 155 156 157 158 159 160 161 162 163 164 165 166 167 168 169 170 171 172 173 174 175 176 177 178 179 181 182 184 185 186 187 188 189 190 191 192 193 194 195 196 197 198 199 200 201 202 203 204 205 206 207 208 209 210 211 212 213 214 -1 -2 
3 6 21 43 44 87 88 113 114 115 116 117 -1 -2 
6 21 22 51 52 58 59 79 116 119 127 132 134 135 136 137 138 139 140 141 142 143 144 145 146 147 148 149 150 151 152 153 154 155 156 157 158 159 160 161 162 163 164 165 166 167 168 169 170 171 172 173 174 175 176 177 178 179 180 181 182 183 -1 -2 
6 21 22 40 41 42 43 44 58 59 62 63 64 65 66 67 68 69 70 71 72 73 74 75 76 77 78 79 -1 -2 
6 21 22 23 24 25 -1 -2 
6 21 22 43 44 59 -1 -2 
6 21 22 43 44 59 -1 -2 
1 2 3 4 5 6 7 12 13 14 15 -1 -2 
6 21 22 40 41 42 43 44 51 52 58 59 61 62 63 71 72 73 79 85 107 116 119 127 132 134 136 138 139 140 141 142 143 144 145 146 147 148 149 150 152 153 155 156 157 158 159 160 161 162 163 164 165 166 167 168 169 170 171 172 173 174 175 176 177 178 179 181 182 184 185 186 187 188 189 191 192 193 194 195 196 197 198 199 200 201 202 203 204 205 206 207 208 209 210 211 212 213 214 216 217 218 219 220 221 222 223 224 225 226 227 228 229 230 231 232 233 234 235 236 237 238 239 240 241 242 243 244 245 246 247 248 249 250 251 252 253 254 255 256 257 258 259 260 261 262 263 264 265 266 267 -1 -2 
6 21 22 51 52 79 127 132 134 135 136 137 138 139 140 141 142 143 144 145 146 147 148 149 150 151 216 -1 -2 
6 21 51 52 125 126 127 128 129 130 131 132 133 215 216 -1 -2 
6 21 51 52 125 126 127 128 129 130 131 132 133 215 216 -1 -2 
6 21 22 23 24 25 -1 -2 
6 21 51 52 125 126 127 128 129 130 131 132 133 215 216 -1 -2 
6 21 51 52 125 126 127 128 129 130 131 132 133 215 216 -1 -2 
6 21 22 40 41 42 43 44 59 79 -1 -2 
1 2 3 4 5 6 7 12 13 14 15 -1 -2 
6 21 22 51 52 79 116 119 127 132 134 135 136 137 138 139 140 141 142 143 144 145 146 147 148 149 150 151 152 156 158 161 162 163 164 165 166 167 168 169 170 171 172 173 174 175 176 177 178 180 182 216 315 316 -1 -2 
6 80 -1 -2 
6 21 51 52 125 126 127 128 129 130 131 132 133 216 -1 -2 
6 21 51 52 125 126 127 128 129 130 131 132 133 215 216 -1 -2 
6 21 -1 -2 
6 21 51 52 125 126 127 128 129 130 131 132 133 216 -1 -2 
6 21 51 52 125 126 127 128 129 130 131 132 133 215 216 -1 -2 
6 21 116 169 189 269 270 271 -1 -2 
6 21 51 52 125 126 127 128 129 130 131 132 133 215 216 -1 -2 
21 22 53 54 55 56 -1 -2 
6 21 51 52 125 126 127 128 129 130 131 132 133 216 -1 -2 
6 21 22 51 52 79 116 119 127 132 134 135 136 137 138 139 140 141 142 143 144 145 146 147 148 149 150 151 152 153 156 157 158 159 160 161 162 163 164 165 166 167 168 169 170 171 172 173 174 175 176 177 178 179 180 181 182 183 216 -1 -2 
6 21 22 40 41 42 43 44 59 64 65 66 67 68 69 79 101 -1 -2 
6 21 51 52 125 126 127 128 129 130 131 132 133 216 -1 -2 
3 6 21 22 43 44 53 54 55 56 87 88 98 -1 -2 
6 21 51 52 125 126 127 128 129 130 131 132 133 215 216 -1 -2 
6 21 22 43 44 59 -1 -2 
6 21 22 40 41 42 43 44 58 59 60 61 62 63 79 -1 -2 
6 21 42 102 103 104 106 107 108 109 110 111 268 -1 -2 
1 2 3 4 5 6 7 12 13 14 15 -1 -2 
6 21 22 40 41 42 43 44 59 79 -1 -2 
6 21 51 52 125 126 127 128 129 130 131 132 133 215 216 -1 -2 
6 21 22 43 44 53 54 55 56 88 -1 -2 
6 21 22 43 44 51 52 58 59 62 63 79 85 116 119 127 132 134 136 138 139 140 141 142 143 144 145 146 147 148 149 150 152 153 154 155 156 157 158 159 160 161 162 163 164 165 166 167 168 169 170 171 172 173 174 175 176 177 178 179 181 182 184 185 188 189 193 194 195 197 198 200 201 202 203 205 206 207 208 209 210 211 212 213 214 216 219 220 221 222 223 224 228 229 230 232 233 263 264 265 266 267 314 -1 -2 
6 21 22 40 41 42 43 44 59 62 63 64 65 66 67 68 69 70 71 72 73 74 75 76 77 78 79 -1 -2 
6 21 51 52 125 126 127 128 129 130 131 132 133 215 216 -1 -2 
6 21 118 119 -1 -2 
6 21 51 52 125 126 127 128 129 130 131 132 133 215 216 -1 -2 
21 307 308 309 310 311 -1 -2 
3 6 21 22 40 41 42 43 44 59 79 87 88 -1 -2 
6 21 22 40 41 42 43 44 58 59 62 63 64 65 66 67 68 69 70 71 72 73 74 75 76 77 78 79 -1 -2 
3 6 21 22 34 36 38 43 44 51 52 58 59 62 63 71 72 73 79 85 87 99 100 107 112 116 119 127 131 132 134 135 136 138 139 140 141 142 143 144 145 146 147 148 149 150 151 152 153 154 155 156 157 158 159 160 161 162 163 164 165 166 167 168 169 170 171 172 173 174 175 176 177 178 179 181 182 184 185 186 187 188 189 190 191 192 193 201 202 203 205 206 207 208 209 210 211 212 213 214 216 219 220 221 222 223 224 226 258 261 262 272 273 274 275 276 277 278 279 280 281 282 283 284 285 286 287 288 289 290 292 293 295 296 297 298 299 300 301 302 303 304 305 306 312 313 314 317 318 319 -1 -2 
6 21 22 43 44 59 -1 -2 
6 21 22 40 41 42 43 44 58 59 61 62 63 64 65 66 67 68 79 99 100 101 -1 -2 
6 102 103 104 106 108 109 110 111 294 -1 -2 
6 21 22 43 44 53 54 55 56 -1 -2 
3 5 6 21 22 43 44 79 87 88 93 112 113 114 115 116 117 -1 -2 
6 21 116 169 189 269 270 271 -1 -2 
3 6 21 22 41 42 43 44 57 59 87 88 119 -1 -2 
6 21 42 102 103 104 105 106 107 108 109 110 111 -1 -2 
6 21 51 52 125 126 127 128 129 130 131 132 133 215 216 -1 -2 
6 21 22 23 24 25 -1 -2 
1 2 3 4 5 6 7 12 13 14 15 -1 -2 
6 21 51 52 125 126 127 128 129 130 131 132 133 215 216 -1 -2 
1 2 3 5 6 13 14 22 59 79 89 90 91 92 93 94 95 96 -1 -2 
6 21 51 52 125 126 127 128 129 130 131 132 133 215 216 -1 -2 
6 21 22 40 41 42 43 44 59 79 -1 -2 
6 21 51 52 125 126 127 128 129 130 131 132 133 215 216 -1 -2 
6 21 22 40 41 42 43 44 59 79 -1 -2 
6 21 51 52 125 126 127 128 129 130 131 132 133 216 -1 -2 
6 21 51 52 125 126 127 128 129 130 131 132 133 215 216 -1 -2 

