6 -1 #SUP: 500
6 132 -1 #SUP: 150
6 132 216 -1 #SUP: 145
6 40 -1 #SUP: 165
6 40 41 -1 #SUP: 165
6 40 42 -1 #SUP: 165
6 40 43 -1 #SUP: 165
6 40 59 -1 #SUP: 143
6 40 44 -1 #SUP: 165
6 41 -1 #SUP: 178
6 41 42 -1 #SUP: 178
6 41 43 -1 #SUP: 173
6 41 59 -1 #SUP: 151
6 41 44 -1 #SUP: 173
6 41 79 -1 #SUP: 147
6 42 -1 #SUP: 196
6 42 43 -1 #SUP: 173
6 42 59 -1 #SUP: 151
6 42 44 -1 #SUP: 173
6 42 79 -1 #SUP: 147
6 43 -1 #SUP: 229
6 43 59 -1 #SUP: 172
6 43 44 -1 #SUP: 229
6 43 79 -1 #SUP: 153
6 44 -1 #SUP: 229
6 44 59 -1 #SUP: 172
6 44 79 -1 #SUP: 153
6 79 -1 #SUP: 195
6 51 -1 #SUP: 156
6 51 52 -1 #SUP: 154
6 51 132 -1 #SUP: 150
6 51 216 -1 #SUP: 146
6 51 127 -1 #SUP: 150
6 52 -1 #SUP: 154
6 52 132 -1 #SUP: 148
6 52 216 -1 #SUP: 146
6 52 127 -1 #SUP: 148
6 21 -1 #SUP: 432
6 21 132 -1 #SUP: 150
6 21 40 -1 #SUP: 165
6 21 41 -1 #SUP: 178
6 21 42 -1 #SUP: 196
6 21 43 -1 #SUP: 229
6 21 44 -1 #SUP: 229
6 21 79 -1 #SUP: 186
6 21 51 -1 #SUP: 156
6 21 52 -1 #SUP: 154
6 21 22 -1 #SUP: 265
6 21 216 -1 #SUP: 146
6 21 59 -1 #SUP: 186
6 21 127 -1 #SUP: 150
6 22 -1 #SUP: 274
6 22 40 -1 #SUP: 165
6 22 41 -1 #SUP: 176
6 22 42 -1 #SUP: 176
6 22 43 -1 #SUP: 211
6 22 59 -1 #SUP: 195
6 22 44 -1 #SUP: 211
6 22 79 -1 #SUP: 195
6 216 -1 #SUP: 146
6 59 -1 #SUP: 195
6 59 79 -1 #SUP: 174
6 127 -1 #SUP: 150
6 127 132 -1 #SUP: 150
6 127 216 -1 #SUP: 145
21 -1 #SUP: 489
21 132 -1 #SUP: 150
21 132 216 -1 #SUP: 145
21 40 -1 #SUP: 167
21 40 41 -1 #SUP: 167
21 40 42 -1 #SUP: 167
21 40 43 -1 #SUP: 167
21 40 59 -1 #SUP: 143
21 40 44 -1 #SUP: 167
21 41 -1 #SUP: 188
21 41 42 -1 #SUP: 188
21 41 43 -1 #SUP: 176
21 41 59 -1 #SUP: 152
21 41 44 -1 #SUP: 176
21 41 79 -1 #SUP: 148
21 42 -1 #SUP: 206
21 42 43 -1 #SUP: 176
21 42 59 -1 #SUP: 152
21 42 44 -1 #SUP: 176
21 42 79 -1 #SUP: 148
21 43 -1 #SUP: 234
21 43 59 -1 #SUP: 173
21 43 44 -1 #SUP: 234
21 43 79 -1 #SUP: 154
21 44 -1 #SUP: 234
21 44 59 -1 #SUP: 173
21 44 79 -1 #SUP: 154
21 79 -1 #SUP: 192
21 51 -1 #SUP: 156
21 51 52 -1 #SUP: 154
21 51 132 -1 #SUP: 150
21 51 216 -1 #SUP: 146
21 51 127 -1 #SUP: 150
21 52 -1 #SUP: 154
21 52 132 -1 #SUP: 148
21 52 216 -1 #SUP: 146
21 52 127 -1 #SUP: 148
21 22 -1 #SUP: 297
21 22 40 -1 #SUP: 167
21 22 41 -1 #SUP: 179
21 22 42 -1 #SUP: 179
21 22 43 -1 #SUP: 216
21 22 59 -1 #SUP: 187
21 22 44 -1 #SUP: 216
21 22 79 -1 #SUP: 192
21 216 -1 #SUP: 146
21 59 -1 #SUP: 187
21 59 79 -1 #SUP: 166
21 127 -1 #SUP: 150
21 127 132 -1 #SUP: 150
21 127 216 -1 #SUP: 145
22 -1 #SUP: 306
22 40 -1 #SUP: 167
22 40 41 -1 #SUP: 167
22 40 42 -1 #SUP: 167
22 40 43 -1 #SUP: 167
22 40 59 -1 #SUP: 143
22 40 44 -1 #SUP: 167
22 41 -1 #SUP: 179
22 41 42 -1 #SUP: 179
22 41 43 -1 #SUP: 175
22 41 59 -1 #SUP: 152
22 41 44 -1 #SUP: 175
22 41 79 -1 #SUP: 148
22 42 -1 #SUP: 179
22 42 43 -1 #SUP: 175
22 42 59 -1 #SUP: 152
22 42 44 -1 #SUP: 175
22 42 79 -1 #SUP: 148
22 43 -1 #SUP: 216
22 43 59 -1 #SUP: 173
22 43 44 -1 #SUP: 216
22 43 79 -1 #SUP: 154
22 59 -1 #SUP: 196
22 59 79 -1 #SUP: 175
22 44 -1 #SUP: 216
22 44 59 -1 #SUP: 173
22 44 79 -1 #SUP: 154
22 79 -1 #SUP: 201
40 -1 #SUP: 167
40 41 -1 #SUP: 167
40 41 42 -1 #SUP: 167
40 41 43 -1 #SUP: 167
40 41 59 -1 #SUP: 143
40 41 44 -1 #SUP: 167
40 42 -1 #SUP: 167
40 42 43 -1 #SUP: 167
40 42 59 -1 #SUP: 143
40 42 44 -1 #SUP: 167
40 43 -1 #SUP: 167
40 43 59 -1 #SUP: 143
40 43 44 -1 #SUP: 167
40 59 -1 #SUP: 143
40 44 -1 #SUP: 167
40 44 59 -1 #SUP: 143
41 -1 #SUP: 188
41 42 -1 #SUP: 188
41 42 43 -1 #SUP: 176
41 42 59 -1 #SUP: 152
41 42 44 -1 #SUP: 176
41 42 79 -1 #SUP: 148
41 43 -1 #SUP: 176
41 43 59 -1 #SUP: 151
41 43 44 -1 #SUP: 176
41 43 79 -1 #SUP: 144
41 59 -1 #SUP: 152
41 59 79 -1 #SUP: 145
41 44 -1 #SUP: 176
41 44 59 -1 #SUP: 151
41 44 79 -1 #SUP: 144
41 79 -1 #SUP: 148
42 -1 #SUP: 206
42 43 -1 #SUP: 176
42 43 59 -1 #SUP: 151
42 43 44 -1 #SUP: 176
42 43 79 -1 #SUP: 144
42 59 -1 #SUP: 152
42 59 79 -1 #SUP: 145
42 44 -1 #SUP: 176
42 44 59 -1 #SUP: 151
42 44 79 -1 #SUP: 144
42 79 -1 #SUP: 148
43 -1 #SUP: 234
43 59 -1 #SUP: 173
43 59 79 -1 #SUP: 152
43 44 -1 #SUP: 234
43 44 59 -1 #SUP: 173
43 44 79 -1 #SUP: 154
43 79 -1 #SUP: 154
44 -1 #SUP: 234
44 59 -1 #SUP: 173
44 59 79 -1 #SUP: 152
44 79 -1 #SUP: 154
51 -1 #SUP: 156
51 52 -1 #SUP: 154
51 52 132 -1 #SUP: 148
51 52 216 -1 #SUP: 146
51 52 127 -1 #SUP: 148
51 132 -1 #SUP: 150
51 132 216 -1 #SUP: 145
51 216 -1 #SUP: 146
51 127 -1 #SUP: 150
51 127 132 -1 #SUP: 150
51 127 216 -1 #SUP: 145
52 -1 #SUP: 154
52 132 -1 #SUP: 148
52 132 216 -1 #SUP: 145
52 216 -1 #SUP: 146
52 127 -1 #SUP: 148
52 127 132 -1 #SUP: 148
52 127 216 -1 #SUP: 145
59 -1 #SUP: 196
59 79 -1 #SUP: 175
79 -1 #SUP: 201
127 -1 #SUP: 150
127 132 -1 #SUP: 150
127 132 216 -1 #SUP: 145
127 216 -1 #SUP: 145
132 -1 #SUP: 150
132 216 -1 #SUP: 145
216 -1 #SUP: 146
