117 118 -1 -2 
18 56 57 58 59 60 61 62 63 64 65 66 170 171 172 -1 -2 
53 141 142 144 -1 -2 
177 178 179 -1 -2 
53 141 142 144 -1 -2 
53 141 142 144 -1 -2 
24 53 141 143 145 156 209 210 -1 -2 
11 12 14 15 25 26 27 28 29 30 31 32 33 34 35 36 37 38 39 40 41 42 43 44 45 46 47 48 50 55 72 76 121 122 123 124 125 126 127 128 129 130 131 132 133 -1 -2 
121 133 -1 -2 
18 24 53 54 56 57 58 59 60 61 62 63 64 65 66 152 153 154 155 156 157 158 159 160 -1 -2 
24 53 152 153 154 155 156 157 158 159 160 -1 -2 
11 12 14 15 25 26 27 28 29 30 31 32 33 34 35 36 37 38 39 40 41 42 43 44 45 46 47 48 50 55 72 76 121 122 123 124 125 126 127 128 129 130 131 132 133 -1 -2 
24 53 141 143 145 156 209 210 -1 -2 
177 178 179 -1 -2 
53 141 142 144 -1 -2 
18 56 57 58 59 60 61 62 63 64 65 66 170 171 172 -1 -2 
53 141 142 144 -1 -2 
24 53 141 143 145 156 209 210 -1 -2 
18 56 57 58 59 60 61 62 63 64 65 66 170 171 172 -1 -2 
53 141 142 144 -1 -2 
177 178 179 -1 -2 
8 10 24 53 108 109 110 111 112 113 116 138 139 140 141 142 143 144 145 146 -1 -2 
53 141 142 144 -1 -2 
182 201 -1 -2 
199 200 -1 -2 
18 24 53 54 56 57 58 59 60 61 62 63 64 65 66 152 153 154 155 156 157 158 159 160 -1 -2 
105 117 118 119 179 181 182 183 184 185 186 187 188 189 190 191 192 193 194 195 196 197 198 199 -1 -2 
199 200 -1 -2 
177 178 179 -1 -2 
9 10 103 105 107 108 109 110 111 112 113 114 115 116 118 179 184 185 186 187 188 189 190 191 192 193 194 195 196 197 198 199 204 205 206 207 -1 -2 
182 201 -1 -2 
170 171 172 -1 -2 
53 141 142 144 -1 -2 
105 117 118 119 179 181 182 183 184 185 186 187 188 189 190 191 192 193 194 195 196 197 198 199 -1 -2 
8 10 24 53 108 109 110 111 112 113 116 138 139 140 141 142 143 144 145 146 -1 -2 
53 141 142 144 -1 -2 
24 53 141 143 145 156 209 210 -1 -2 
24 53 141 143 145 156 209 210 -1 -2 
53 141 142 144 -1 -2 
18 24 53 54 56 57 58 59 60 61 62 63 64 65 66 152 153 154 155 156 157 158 159 160 -1 -2 
24 53 152 153 154 155 156 157 158 159 160 -1 -2 
18 56 57 58 59 60 61 62 63 64 65 66 170 171 172 -1 -2 
177 178 179 -1 -2 
53 141 142 144 -1 -2 
53 141 142 144 -1 -2 
177 178 179 -1 -2 
18 56 57 58 59 60 61 62 63 64 65 66 170 171 172 -1 -2 
53 141 142 144 -1 -2 
18 56 57 58 59 60 61 62 63 64 65 66 170 171 172 -1 -2 
53 141 142 144 -1 -2 
18 56 57 58 59 60 61 62 63 64 65 66 170 171 172 -1 -2 
177 178 179 -1 -2 
177 178 179 -1 -2 
18 56 57 58 59 60 61 62 63 64 65 66 170 171 172 -1 -2 
177 178 179 -1 -2 
53 141 142 144 -1 -2 
24 53 152 153 154 155 156 157 158 159 160 -1 -2 
18 54 56 57 58 59 60 61 62 63 64 65 66 158 166 -1 -2 
117 118 -1 -2 
177 178 179 -1 -2 
53 141 142 144 -1 -2 
177 178 179 -1 -2 
18 56 57 58 59 60 61 62 63 64 65 66 170 171 172 -1 -2 
24 53 141 143 145 156 209 210 -1 -2 
18 24 53 54 56 57 58 59 60 61 62 63 64 65 66 152 153 154 155 156 157 158 159 160 -1 -2 
18 56 57 58 59 60 61 62 63 64 65 66 170 171 172 -1 -2 
53 141 142 144 -1 -2 
53 141 142 144 -1 -2 
9 10 103 105 107 108 109 110 111 112 113 114 115 116 118 179 184 185 186 187 188 189 190 191 192 193 194 195 196 197 198 199 204 205 206 207 -1 -2 
177 178 179 -1 -2 
24 53 152 153 154 155 156 157 158 159 160 -1 -2 
58 59 60 61 177 178 179 214 215 216 -1 -2 
182 201 -1 -2 
199 200 -1 -2 
58 59 60 61 177 178 179 214 215 216 -1 -2 
18 56 57 58 59 60 61 62 63 64 65 66 170 171 172 -1 -2 
53 141 142 144 -1 -2 
141 211 212 -1 -2 
177 178 179 -1 -2 
177 178 179 -1 -2 
24 53 152 153 154 155 156 157 158 159 160 -1 -2 
121 133 -1 -2 
177 178 179 -1 -2 
18 56 57 58 59 60 61 62 63 64 65 66 170 171 172 -1 -2 
24 53 152 153 154 155 156 157 158 159 160 -1 -2 
177 178 179 -1 -2 
24 53 141 143 145 156 209 210 -1 -2 
24 53 141 143 145 156 209 210 -1 -2 
177 178 179 -1 -2 
18 56 57 58 59 60 61 62 63 64 65 66 170 171 172 -1 -2 
53 141 142 144 -1 -2 
18 54 56 57 58 59 60 61 62 63 64 65 66 158 166 -1 -2 
8 10 24 53 108 109 110 111 112 113 116 138 139 140 141 142 143 144 145 146 -1 -2 
18 24 53 54 56 57 58 59 60 61 62 63 64 65 66 152 153 154 155 156 157 158 159 160 -1 -2 
18 56 57 58 59 60 61 62 63 64 65 66 170 171 172 -1 -2 
53 141 142 144 -1 -2 
182 201 -1 -2 
199 200 -1 -2 
18 56 57 58 59 60 61 62 63 64 65 66 170 171 172 -1 -2 
11 12 14 15 25 26 27 28 29 30 31 32 33 34 35 36 37 38 39 40 41 42 43 44 45 46 47 48 50 55 72 76 121 122 123 124 125 126 127 128 129 130 131 132 133 -1 -2 
177 178 179 -1 -2 
53 141 142 144 -1 -2 
141 211 212 -1 -2 
8 101 102 -1 -2 
18 56 57 58 59 60 61 62 63 64 65 66 170 171 172 -1 -2 
18 24 53 54 56 57 58 59 60 61 62 63 64 65 66 152 153 154 155 156 157 158 159 160 -1 -2 
177 178 179 -1 -2 
18 56 57 58 59 60 61 62 63 64 65 66 170 171 172 -1 -2 
18 56 57 58 59 60 61 62 63 64 65 66 170 171 172 -1 -2 
199 200 -1 -2 
105 117 118 119 179 181 182 183 184 185 186 187 188 189 190 191 192 193 194 195 196 197 198 199 -1 -2 
182 201 -1 -2 
76 99 -1 -2 
8 18 25 48 49 50 51 52 53 54 55 56 57 58 59 60 61 62 63 64 65 66 67 68 69 70 71 72 73 74 75 76 77 78 79 80 81 82 83 84 85 86 87 88 89 90 91 92 93 94 95 96 97 98 -1 -2 
182 201 -1 -2 
199 200 -1 -2 
6 117 118 119 122 181 183 -1 -2 
8 73 74 75 76 77 78 79 80 81 82 83 84 85 86 87 88 89 90 91 92 93 94 95 96 97 98 101 102 -1 -2 
76 99 -1 -2 
8 18 25 48 49 50 51 52 53 54 55 56 57 58 59 60 61 62 63 64 65 66 67 68 69 70 71 72 73 74 75 76 77 78 79 80 81 82 83 84 85 86 87 88 89 90 91 92 93 94 95 96 97 98 -1 -2 
58 59 60 61 177 178 179 214 215 216 -1 -2 
53 141 142 144 -1 -2 
177 178 179 -1 -2 
117 118 -1 -2 
121 133 -1 -2 
177 178 179 -1 -2 
18 56 57 58 59 60 61 62 63 64 65 66 170 171 172 -1 -2 
177 178 179 -1 -2 
18 56 57 58 59 60 61 62 63 64 65 66 170 171 172 -1 -2 
177 178 179 -1 -2 
18 56 57 58 59 60 61 62 63 64 65 66 170 171 172 -1 -2 
53 141 142 144 -1 -2 
117 118 -1 -2 
122 138 146 -1 -2 
58 59 60 61 177 178 179 214 215 216 -1 -2 
18 54 56 57 58 59 60 61 62 63 64 65 66 158 166 -1 -2 
58 59 60 61 177 178 179 214 215 216 -1 -2 
18 24 53 54 56 57 58 59 60 61 62 63 64 65 66 152 153 154 155 156 157 158 159 160 -1 -2 
177 178 179 -1 -2 
18 56 57 58 59 60 61 62 63 64 65 66 170 171 172 -1 -2 
141 211 212 -1 -2 
18 24 53 54 56 57 58 59 60 61 62 63 64 65 66 152 153 154 155 156 157 158 159 160 -1 -2 
53 141 142 144 -1 -2 
177 178 179 -1 -2 
5 6 -1 -2 
170 171 172 -1 -2 
117 118 -1 -2 
177 178 179 -1 -2 
53 141 142 144 -1 -2 
18 56 57 58 59 60 61 62 63 64 65 66 170 171 172 -1 -2 
8 101 102 -1 -2 
177 178 179 -1 -2 
18 24 53 54 56 57 58 59 60 61 62 63 64 65 66 152 153 154 155 156 157 158 159 160 -1 -2 
141 211 212 -1 -2 
53 141 142 144 -1 -2 
121 133 -1 -2 
18 56 57 58 59 60 61 62 63 64 65 66 170 171 172 -1 -2 
18 54 56 57 58 59 60 61 62 63 64 65 66 158 166 -1 -2 
18 56 57 58 59 60 61 62 63 64 65 66 170 171 172 -1 -2 
11 12 14 15 25 26 27 28 29 30 31 32 33 34 35 36 37 38 39 40 41 42 43 44 45 46 47 48 50 55 72 76 121 122 123 124 125 126 127 128 129 130 131 132 133 -1 -2 
177 178 179 -1 -2 
177 178 179 -1 -2 
24 53 141 143 145 156 209 210 -1 -2 
53 141 142 144 -1 -2 
8 73 74 75 76 77 78 79 80 81 82 83 84 85 86 87 88 89 90 91 92 93 94 95 96 97 98 101 102 -1 -2 
117 118 -1 -2 
18 24 53 54 56 57 58 59 60 61 62 63 64 65 66 152 153 154 155 156 157 158 159 160 -1 -2 
177 178 179 -1 -2 
170 171 172 -1 -2 
18 24 53 54 56 57 58 59 60 61 62 63 64 65 66 152 153 154 155 156 157 158 159 160 -1 -2 
53 141 142 144 -1 -2 
177 178 179 -1 -2 
141 211 212 -1 -2 
18 56 57 58 59 60 61 62 63 64 65 66 170 171 172 -1 -2 
177 178 179 -1 -2 
18 56 57 58 59 60 61 62 63 64 65 66 170 171 172 -1 -2 
53 141 142 144 -1 -2 
53 141 142 144 -1 -2 
177 178 179 -1 -2 
177 178 179 -1 -2 
53 141 142 144 -1 -2 
182 201 -1 -2 
199 200 -1 -2 
53 141 142 144 -1 -2 
8 10 24 53 108 109 110 111 112 113 116 138 139 140 141 142 143 144 145 146 -1 -2 
18 24 53 54 56 57 58 59 60 61 62 63 64 65 66 152 153 154 155 156 157 158 159 160 -1 -2 
117 118 -1 -2 
170 171 172 -1 -2 
5 6 -1 -2 
177 178 179 -1 -2 
18 24 53 54 56 57 58 59 60 61 62 63 64 65 66 152 153 154 155 156 157 158 159 160 -1 -2 
53 152 154 160 213 -1 -2 
170 171 172 -1 -2 
18 56 57 58 59 60 61 62 63 64 65 66 170 171 172 -1 -2 
9 10 103 105 107 108 109 110 111 112 113 114 115 116 118 179 184 185 186 187 188 189 190 191 192 193 194 195 196 197 198 199 204 205 206 207 -1 -2 
53 141 142 144 -1 -2 
177 178 179 -1 -2 
24 53 141 143 145 156 209 210 -1 -2 
8 18 25 48 49 50 51 52 53 54 55 56 57 58 59 60 61 62 63 64 65 66 67 68 69 70 71 72 73 74 75 76 77 78 79 80 81 82 83 84 85 86 87 88 89 90 91 92 93 94 95 96 97 98 -1 -2 
24 53 152 153 154 155 156 157 158 159 160 -1 -2 
8 73 74 75 76 77 78 79 80 81 82 83 84 85 86 87 88 89 90 91 92 93 94 95 96 97 98 101 102 -1 -2 
76 99 -1 -2 
53 141 142 144 -1 -2 
177 178 179 -1 -2 
177 178 179 -1 -2 
53 141 142 144 -1 -2 
53 141 142 144 -1 -2 
117 118 -1 -2 

