18 -1 #SUP: 48
18 64 -1 #SUP: 48
18 64 65 -1 #SUP: 48
18 64 66 -1 #SUP: 48
18 64 170 -1 #SUP: 28
18 64 171 -1 #SUP: 28
18 64 172 -1 #SUP: 28
18 65 -1 #SUP: 48
18 65 66 -1 #SUP: 48
18 65 170 -1 #SUP: 28
18 65 171 -1 #SUP: 28
18 65 172 -1 #SUP: 28
18 66 -1 #SUP: 48
18 66 170 -1 #SUP: 28
18 66 171 -1 #SUP: 28
18 66 172 -1 #SUP: 28
18 170 -1 #SUP: 28
18 170 171 -1 #SUP: 28
18 170 172 -1 #SUP: 28
18 171 -1 #SUP: 28
18 171 172 -1 #SUP: 28
18 172 -1 #SUP: 28
18 56 -1 #SUP: 48
18 56 64 -1 #SUP: 48
18 56 65 -1 #SUP: 48
18 56 66 -1 #SUP: 48
18 56 170 -1 #SUP: 28
18 56 171 -1 #SUP: 28
18 56 172 -1 #SUP: 28
18 56 57 -1 #SUP: 48
18 56 58 -1 #SUP: 48
18 56 59 -1 #SUP: 48
18 56 60 -1 #SUP: 48
18 56 61 -1 #SUP: 48
18 56 62 -1 #SUP: 48
18 56 63 -1 #SUP: 48
18 57 -1 #SUP: 48
18 57 64 -1 #SUP: 48
18 57 65 -1 #SUP: 48
18 57 66 -1 #SUP: 48
18 57 170 -1 #SUP: 28
18 57 171 -1 #SUP: 28
18 57 172 -1 #SUP: 28
18 57 58 -1 #SUP: 48
18 57 59 -1 #SUP: 48
18 57 60 -1 #SUP: 48
18 57 61 -1 #SUP: 48
18 57 62 -1 #SUP: 48
18 57 63 -1 #SUP: 48
18 58 -1 #SUP: 48
18 58 64 -1 #SUP: 48
18 58 65 -1 #SUP: 48
18 58 66 -1 #SUP: 48
18 58 170 -1 #SUP: 28
18 58 171 -1 #SUP: 28
18 58 172 -1 #SUP: 28
18 58 59 -1 #SUP: 48
18 58 60 -1 #SUP: 48
18 58 61 -1 #SUP: 48
18 58 62 -1 #SUP: 48
18 58 63 -1 #SUP: 48
18 59 -1 #SUP: 48
18 59 64 -1 #SUP: 48
18 59 65 -1 #SUP: 48
18 59 66 -1 #SUP: 48
18 59 170 -1 #SUP: 28
18 59 171 -1 #SUP: 28
18 59 172 -1 #SUP: 28
18 59 60 -1 #SUP: 48
18 59 61 -1 #SUP: 48
18 59 62 -1 #SUP: 48
18 59 63 -1 #SUP: 48
18 60 -1 #SUP: 48
18 60 64 -1 #SUP: 48
18 60 65 -1 #SUP: 48
18 60 66 -1 #SUP: 48
18 60 170 -1 #SUP: 28
18 60 171 -1 #SUP: 28
18 60 172 -1 #SUP: 28
18 60 61 -1 #SUP: 48
18 60 62 -1 #SUP: 48
18 60 63 -1 #SUP: 48
18 61 -1 #SUP: 48
18 61 64 -1 #SUP: 48
18 61 65 -1 #SUP: 48
18 61 66 -1 #SUP: 48
18 61 170 -1 #SUP: 28
18 61 171 -1 #SUP: 28
18 61 172 -1 #SUP: 28
18 61 62 -1 #SUP: 48
18 61 63 -1 #SUP: 48
18 62 -1 #SUP: 48
18 62 64 -1 #SUP: 48
18 62 65 -1 #SUP: 48
18 62 66 -1 #SUP: 48
18 62 170 -1 #SUP: 28
18 62 171 -1 #SUP: 28
18 62 172 -1 #SUP: 28
18 62 63 -1 #SUP: 48
18 63 -1 #SUP: 48
18 63 64 -1 #SUP: 48
18 63 65 -1 #SUP: 48
18 63 66 -1 #SUP: 48
18 63 170 -1 #SUP: 28
18 63 171 -1 #SUP: 28
18 63 172 -1 #SUP: 28
24 -1 #SUP: 34
24 53 -1 #SUP: 34
24 53 156 -1 #SUP: 30
24 156 -1 #SUP: 30
53 -1 #SUP: 75
53 160 -1 #SUP: 21
53 141 -1 #SUP: 51
53 141 144 -1 #SUP: 41
53 141 142 -1 #SUP: 41
53 142 -1 #SUP: 41
53 142 144 -1 #SUP: 41
53 144 -1 #SUP: 41
53 152 -1 #SUP: 21
53 152 160 -1 #SUP: 21
53 152 154 -1 #SUP: 21
53 154 -1 #SUP: 21
53 154 160 -1 #SUP: 21
53 156 -1 #SUP: 30
56 -1 #SUP: 48
56 64 -1 #SUP: 48
56 64 65 -1 #SUP: 48
56 64 66 -1 #SUP: 48
56 64 170 -1 #SUP: 28
56 64 171 -1 #SUP: 28
56 64 172 -1 #SUP: 28
56 65 -1 #SUP: 48
56 65 66 -1 #SUP: 48
56 65 170 -1 #SUP: 28
56 65 171 -1 #SUP: 28
56 65 172 -1 #SUP: 28
56 66 -1 #SUP: 48
56 66 170 -1 #SUP: 28
56 66 171 -1 #SUP: 28
56 66 172 -1 #SUP: 28
56 170 -1 #SUP: 28
56 170 171 -1 #SUP: 28
56 170 172 -1 #SUP: 28
56 171 -1 #SUP: 28
56 171 172 -1 #SUP: 28
56 172 -1 #SUP: 28
56 57 -1 #SUP: 48
56 57 64 -1 #SUP: 48
56 57 65 -1 #SUP: 48
56 57 66 -1 #SUP: 48
56 57 170 -1 #SUP: 28
56 57 171 -1 #SUP: 28
56 57 172 -1 #SUP: 28
56 57 58 -1 #SUP: 48
56 57 59 -1 #SUP: 48
56 57 60 -1 #SUP: 48
56 57 61 -1 #SUP: 48
56 57 62 -1 #SUP: 48
56 57 63 -1 #SUP: 48
56 58 -1 #SUP: 48
56 58 64 -1 #SUP: 48
56 58 65 -1 #SUP: 48
56 58 66 -1 #SUP: 48
56 58 170 -1 #SUP: 28
56 58 171 -1 #SUP: 28
56 58 172 -1 #SUP: 28
56 58 59 -1 #SUP: 48
56 58 60 -1 #SUP: 48
56 58 61 -1 #SUP: 48
56 58 62 -1 #SUP: 48
56 58 63 -1 #SUP: 48
56 59 -1 #SUP: 48
56 59 64 -1 #SUP: 48
56 59 65 -1 #SUP: 48
56 59 66 -1 #SUP: 48
56 59 170 -1 #SUP: 28
56 59 171 -1 #SUP: 28
56 59 172 -1 #SUP: 28
56 59 60 -1 #SUP: 48
56 59 61 -1 #SUP: 48
56 59 62 -1 #SUP: 48
56 59 63 -1 #SUP: 48
56 60 -1 #SUP: 48
56 60 64 -1 #SUP: 48
56 60 65 -1 #SUP: 48
56 60 66 -1 #SUP: 48
56 60 170 -1 #SUP: 28
56 60 171 -1 #SUP: 28
56 60 172 -1 #SUP: 28
56 60 61 -1 #SUP: 48
56 60 62 -1 #SUP: 48
56 60 63 -1 #SUP: 48
56 61 -1 #SUP: 48
56 61 64 -1 #SUP: 48
56 61 65 -1 #SUP: 48
56 61 66 -1 #SUP: 48
56 61 170 -1 #SUP: 28
56 61 171 -1 #SUP: 28
56 61 172 -1 #SUP: 28
56 61 62 -1 #SUP: 48
56 61 63 -1 #SUP: 48
56 62 -1 #SUP: 48
56 62 64 -1 #SUP: 48
56 62 65 -1 #SUP: 48
56 62 66 -1 #SUP: 48
56 62 170 -1 #SUP: 28
56 62 171 -1 #SUP: 28
56 62 172 -1 #SUP: 28
56 62 63 -1 #SUP: 48
56 63 -1 #SUP: 48
56 63 64 -1 #SUP: 48
56 63 65 -1 #SUP: 48
56 63 66 -1 #SUP: 48
56 63 170 -1 #SUP: 28
56 63 171 -1 #SUP: 28
56 63 172 -1 #SUP: 28
57 -1 #SUP: 48
57 64 -1 #SUP: 48
57 64 65 -1 #SUP: 48
57 64 66 -1 #SUP: 48
57 64 170 -1 #SUP: 28
57 64 171 -1 #SUP: 28
57 64 172 -1 #SUP: 28
57 65 -1 #SUP: 48
57 65 66 -1 #SUP: 48
57 65 170 -1 #SUP: 28
57 65 171 -1 #SUP: 28
57 65 172 -1 #SUP: 28
57 66 -1 #SUP: 48
57 66 170 -1 #SUP: 28
57 66 171 -1 #SUP: 28
57 66 172 -1 #SUP: 28
57 170 -1 #SUP: 28
57 170 171 -1 #SUP: 28
57 170 172 -1 #SUP: 28
57 171 -1 #SUP: 28
57 171 172 -1 #SUP: 28
57 172 -1 #SUP: 28
57 58 -1 #SUP: 48
57 58 64 -1 #SUP: 48
57 58 65 -1 #SUP: 48
57 58 66 -1 #SUP: 48
57 58 170 -1 #SUP: 28
57 58 171 -1 #SUP: 28
57 58 172 -1 #SUP: 28
57 58 59 -1 #SUP: 48
57 58 60 -1 #SUP: 48
57 58 61 -1 #SUP: 48
57 58 62 -1 #SUP: 48
57 58 63 -1 #SUP: 48
57 59 -1 #SUP: 48
57 59 64 -1 #SUP: 48
57 59 65 -1 #SUP: 48
57 59 66 -1 #SUP: 48
57 59 170 -1 #SUP: 28
57 59 171 -1 #SUP: 28
57 59 172 -1 #SUP: 28
57 59 60 -1 #SUP: 48
57 59 61 -1 #SUP: 48
57 59 62 -1 #SUP: 48
57 59 63 -1 #SUP: 48
57 60 -1 #SUP: 48
57 60 64 -1 #SUP: 48
57 60 65 -1 #SUP: 48
57 60 66 -1 #SUP: 48
57 60 170 -1 #SUP: 28
57 60 171 -1 #SUP: 28
57 60 172 -1 #SUP: 28
57 60 61 -1 #SUP: 48
57 60 62 -1 #SUP: 48
57 60 63 -1 #SUP: 48
57 61 -1 #SUP: 48
57 61 64 -1 #SUP: 48
57 61 65 -1 #SUP: 48
57 61 66 -1 #SUP: 48
57 61 170 -1 #SUP: 28
57 61 171 -1 #SUP: 28
57 61 172 -1 #SUP: 28
57 61 62 -1 #SUP: 48
57 61 63 -1 #SUP: 48
57 62 -1 #SUP: 48
57 62 64 -1 #SUP: 48
57 62 65 -1 #SUP: 48
57 62 66 -1 #SUP: 48
57 62 170 -1 #SUP: 28
57 62 171 -1 #SUP: 28
57 62 172 -1 #SUP: 28
57 62 63 -1 #SUP: 48
57 63 -1 #SUP: 48
57 63 64 -1 #SUP: 48
57 63 65 -1 #SUP: 48
57 63 66 -1 #SUP: 48
57 63 170 -1 #SUP: 28
57 63 171 -1 #SUP: 28
57 63 172 -1 #SUP: 28
58 -1 #SUP: 53
58 64 -1 #SUP: 48
58 64 65 -1 #SUP: 48
58 64 66 -1 #SUP: 48
58 64 170 -1 #SUP: 28
58 64 171 -1 #SUP: 28
58 64 172 -1 #SUP: 28
58 65 -1 #SUP: 48
58 65 66 -1 #SUP: 48
58 65 170 -1 #SUP: 28
58 65 171 -1 #SUP: 28
58 65 172 -1 #SUP: 28
58 66 -1 #SUP: 48
58 66 170 -1 #SUP: 28
58 66 171 -1 #SUP: 28
58 66 172 -1 #SUP: 28
58 170 -1 #SUP: 28
58 170 171 -1 #SUP: 28
58 170 172 -1 #SUP: 28
58 171 -1 #SUP: 28
58 171 172 -1 #SUP: 28
58 172 -1 #SUP: 28
58 59 -1 #SUP: 53
58 59 64 -1 #SUP: 48
58 59 65 -1 #SUP: 48
58 59 66 -1 #SUP: 48
58 59 170 -1 #SUP: 28
58 59 171 -1 #SUP: 28
58 59 172 -1 #SUP: 28
58 59 60 -1 #SUP: 53
58 59 61 -1 #SUP: 53
58 59 62 -1 #SUP: 48
58 59 63 -1 #SUP: 48
58 60 -1 #SUP: 53
58 60 64 -1 #SUP: 48
58 60 65 -1 #SUP: 48
58 60 66 -1 #SUP: 48
58 60 170 -1 #SUP: 28
58 60 171 -1 #SUP: 28
58 60 172 -1 #SUP: 28
58 60 61 -1 #SUP: 53
58 60 62 -1 #SUP: 48
58 60 63 -1 #SUP: 48
58 61 -1 #SUP: 53
58 61 64 -1 #SUP: 48
58 61 65 -1 #SUP: 48
58 61 66 -1 #SUP: 48
58 61 170 -1 #SUP: 28
58 61 171 -1 #SUP: 28
58 61 172 -1 #SUP: 28
58 61 62 -1 #SUP: 48
58 61 63 -1 #SUP: 48
58 62 -1 #SUP: 48
58 62 64 -1 #SUP: 48
58 62 65 -1 #SUP: 48
58 62 66 -1 #SUP: 48
58 62 170 -1 #SUP: 28
58 62 171 -1 #SUP: 28
58 62 172 -1 #SUP: 28
58 62 63 -1 #SUP: 48
58 63 -1 #SUP: 48
58 63 64 -1 #SUP: 48
58 63 65 -1 #SUP: 48
58 63 66 -1 #SUP: 48
58 63 170 -1 #SUP: 28
58 63 171 -1 #SUP: 28
58 63 172 -1 #SUP: 28
59 -1 #SUP: 53
59 64 -1 #SUP: 48
59 64 65 -1 #SUP: 48
59 64 66 -1 #SUP: 48
59 64 170 -1 #SUP: 28
59 64 171 -1 #SUP: 28
59 64 172 -1 #SUP: 28
59 65 -1 #SUP: 48
59 65 66 -1 #SUP: 48
59 65 170 -1 #SUP: 28
59 65 171 -1 #SUP: 28
59 65 172 -1 #SUP: 28
59 66 -1 #SUP: 48
59 66 170 -1 #SUP: 28
59 66 171 -1 #SUP: 28
59 66 172 -1 #SUP: 28
59 170 -1 #SUP: 28
59 170 171 -1 #SUP: 28
59 170 172 -1 #SUP: 28
59 171 -1 #SUP: 28
59 171 172 -1 #SUP: 28
59 172 -1 #SUP: 28
59 60 -1 #SUP: 53
59 60 64 -1 #SUP: 48
59 60 65 -1 #SUP: 48
59 60 66 -1 #SUP: 48
59 60 170 -1 #SUP: 28
59 60 171 -1 #SUP: 28
59 60 172 -1 #SUP: 28
59 60 61 -1 #SUP: 53
59 60 62 -1 #SUP: 48
59 60 63 -1 #SUP: 48
59 61 -1 #SUP: 53
59 61 64 -1 #SUP: 48
59 61 65 -1 #SUP: 48
59 61 66 -1 #SUP: 48
59 61 170 -1 #SUP: 28
59 61 171 -1 #SUP: 28
59 61 172 -1 #SUP: 28
59 61 62 -1 #SUP: 48
59 61 63 -1 #SUP: 48
59 62 -1 #SUP: 48
59 62 64 -1 #SUP: 48
59 62 65 -1 #SUP: 48
59 62 66 -1 #SUP: 48
59 62 170 -1 #SUP: 28
59 62 171 -1 #SUP: 28
59 62 172 -1 #SUP: 28
59 62 63 -1 #SUP: 48
59 63 -1 #SUP: 48
59 63 64 -1 #SUP: 48
59 63 65 -1 #SUP: 48
59 63 66 -1 #SUP: 48
59 63 170 -1 #SUP: 28
59 63 171 -1 #SUP: 28
59 63 172 -1 #SUP: 28
60 -1 #SUP: 53
60 64 -1 #SUP: 48
60 64 65 -1 #SUP: 48
60 64 66 -1 #SUP: 48
60 64 170 -1 #SUP: 28
60 64 171 -1 #SUP: 28
60 64 172 -1 #SUP: 28
60 65 -1 #SUP: 48
60 65 66 -1 #SUP: 48
60 65 170 -1 #SUP: 28
60 65 171 -1 #SUP: 28
60 65 172 -1 #SUP: 28
60 66 -1 #SUP: 48
60 66 170 -1 #SUP: 28
60 66 171 -1 #SUP: 28
60 66 172 -1 #SUP: 28
60 170 -1 #SUP: 28
60 170 171 -1 #SUP: 28
60 170 172 -1 #SUP: 28
60 171 -1 #SUP: 28
60 171 172 -1 #SUP: 28
60 172 -1 #SUP: 28
60 61 -1 #SUP: 53
60 61 64 -1 #SUP: 48
60 61 65 -1 #SUP: 48
60 61 66 -1 #SUP: 48
60 61 170 -1 #SUP: 28
60 61 171 -1 #SUP: 28
60 61 172 -1 #SUP: 28
60 61 62 -1 #SUP: 48
60 61 63 -1 #SUP: 48
60 62 -1 #SUP: 48
60 62 64 -1 #SUP: 48
60 62 65 -1 #SUP: 48
60 62 66 -1 #SUP: 48
60 62 170 -1 #SUP: 28
60 62 171 -1 #SUP: 28
60 62 172 -1 #SUP: 28
60 62 63 -1 #SUP: 48
60 63 -1 #SUP: 48
60 63 64 -1 #SUP: 48
60 63 65 -1 #SUP: 48
60 63 66 -1 #SUP: 48
60 63 170 -1 #SUP: 28
60 63 171 -1 #SUP: 28
60 63 172 -1 #SUP: 28
61 -1 #SUP: 53
61 64 -1 #SUP: 48
61 64 65 -1 #SUP: 48
61 64 66 -1 #SUP: 48
61 64 170 -1 #SUP: 28
61 64 171 -1 #SUP: 28
61 64 172 -1 #SUP: 28
61 65 -1 #SUP: 48
61 65 66 -1 #SUP: 48
61 65 170 -1 #SUP: 28
61 65 171 -1 #SUP: 28
61 65 172 -1 #SUP: 28
61 66 -1 #SUP: 48
61 66 170 -1 #SUP: 28
61 66 171 -1 #SUP: 28
61 66 172 -1 #SUP: 28
61 170 -1 #SUP: 28
61 170 171 -1 #SUP: 28
61 170 172 -1 #SUP: 28
61 171 -1 #SUP: 28
61 171 172 -1 #SUP: 28
61 172 -1 #SUP: 28
61 62 -1 #SUP: 48
61 62 64 -1 #SUP: 48
61 62 65 -1 #SUP: 48
61 62 66 -1 #SUP: 48
61 62 170 -1 #SUP: 28
61 62 171 -1 #SUP: 28
61 62 172 -1 #SUP: 28
61 62 63 -1 #SUP: 48
61 63 -1 #SUP: 48
61 63 64 -1 #SUP: 48
61 63 65 -1 #SUP: 48
61 63 66 -1 #SUP: 48
61 63 170 -1 #SUP: 28
61 63 171 -1 #SUP: 28
61 63 172 -1 #SUP: 28
62 -1 #SUP: 48
62 64 -1 #SUP: 48
62 64 65 -1 #SUP: 48
62 64 66 -1 #SUP: 48
62 64 170 -1 #SUP: 28
62 64 171 -1 #SUP: 28
62 64 172 -1 #SUP: 28
62 65 -1 #SUP: 48
62 65 66 -1 #SUP: 48
62 65 170 -1 #SUP: 28
62 65 171 -1 #SUP: 28
62 65 172 -1 #SUP: 28
62 66 -1 #SUP: 48
62 66 170 -1 #SUP: 28
62 66 171 -1 #SUP: 28
62 66 172 -1 #SUP: 28
62 170 -1 #SUP: 28
62 170 171 -1 #SUP: 28
62 170 172 -1 #SUP: 28
62 171 -1 #SUP: 28
62 171 172 -1 #SUP: 28
62 172 -1 #SUP: 28
62 63 -1 #SUP: 48
62 63 64 -1 #SUP: 48
62 63 65 -1 #SUP: 48
62 63 66 -1 #SUP: 48
62 63 170 -1 #SUP: 28
62 63 171 -1 #SUP: 28
62 63 172 -1 #SUP: 28
63 -1 #SUP: 48
63 64 -1 #SUP: 48
63 64 65 -1 #SUP: 48
63 64 66 -1 #SUP: 48
63 64 170 -1 #SUP: 28
63 64 171 -1 #SUP: 28
63 64 172 -1 #SUP: 28
63 65 -1 #SUP: 48
63 65 66 -1 #SUP: 48
63 65 170 -1 #SUP: 28
63 65 171 -1 #SUP: 28
63 65 172 -1 #SUP: 28
63 66 -1 #SUP: 48
63 66 170 -1 #SUP: 28
63 66 171 -1 #SUP: 28
63 66 172 -1 #SUP: 28
63 170 -1 #SUP: 28
63 170 171 -1 #SUP: 28
63 170 172 -1 #SUP: 28
63 171 -1 #SUP: 28
63 171 172 -1 #SUP: 28
63 172 -1 #SUP: 28
64 -1 #SUP: 48
64 65 -1 #SUP: 48
64 65 66 -1 #SUP: 48
64 65 170 -1 #SUP: 28
64 65 171 -1 #SUP: 28
64 65 172 -1 #SUP: 28
64 66 -1 #SUP: 48
64 66 170 -1 #SUP: 28
64 66 171 -1 #SUP: 28
64 66 172 -1 #SUP: 28
64 170 -1 #SUP: 28
64 170 171 -1 #SUP: 28
64 170 172 -1 #SUP: 28
64 171 -1 #SUP: 28
64 171 172 -1 #SUP: 28
64 172 -1 #SUP: 28
65 -1 #SUP: 48
65 66 -1 #SUP: 48
65 66 170 -1 #SUP: 28
65 66 171 -1 #SUP: 28
65 66 172 -1 #SUP: 28
65 170 -1 #SUP: 28
65 170 171 -1 #SUP: 28
65 170 172 -1 #SUP: 28
65 171 -1 #SUP: 28
65 171 172 -1 #SUP: 28
65 172 -1 #SUP: 28
66 -1 #SUP: 48
66 170 -1 #SUP: 28
66 170 171 -1 #SUP: 28
66 170 172 -1 #SUP: 28
66 171 -1 #SUP: 28
66 171 172 -1 #SUP: 28
66 172 -1 #SUP: 28
141 -1 #SUP: 56
141 144 -1 #SUP: 41
141 142 -1 #SUP: 41
141 142 144 -1 #SUP: 41
142 -1 #SUP: 41
142 144 -1 #SUP: 41
144 -1 #SUP: 41
152 -1 #SUP: 21
152 160 -1 #SUP: 21
152 154 -1 #SUP: 21
152 154 160 -1 #SUP: 21
154 -1 #SUP: 21
154 160 -1 #SUP: 21
156 -1 #SUP: 30
158 -1 #SUP: 24
160 -1 #SUP: 21
170 -1 #SUP: 33
170 171 -1 #SUP: 33
170 171 172 -1 #SUP: 33
170 172 -1 #SUP: 33
171 -1 #SUP: 33
171 172 -1 #SUP: 33
172 -1 #SUP: 33
177 -1 #SUP: 43
177 178 -1 #SUP: 43
177 178 179 -1 #SUP: 43
177 179 -1 #SUP: 43
178 -1 #SUP: 43
178 179 -1 #SUP: 43
179 -1 #SUP: 49
